58 00 00 00 00 01 06 00 00 00 71 ae 33 01 00 00 
00 00 1e 00 1c af 64 03 a8 6e 49 06 00 64 00 00 
00 00 18 00 50 48 64 00 5d 48 64 00 00 00 00 00 
00 00 00 00 00 00 00 00 00 00 00 00 00 00 00 00 
00 00 00 00 00 00 00 00 00 00 00 00 00 00 00 00 
00 00 00 00 00 00 00 00 00 00 00 00 00 00 00 00 
00 00 00 00 00 00 00 00 00 00 00 00 00 00 00 00 
00 00 00 00 00 00 00 00 00 00 00 00 00 00 00 00 
00 00 00 00 00 00 00 00 00 00 00 00 00 00 00 00 
00 00 00 00 00 00 00 00 00 00 00 00 00 00 00 00 
00 00 00 00 00 11 00 00 00 ff ff ff ff ff ff ff 
ff 00 00 00 00 00 00 00 00 00 00 00 00 00 00 00 
00 00 00 00 00 00 00 00 00 00 00 00 00 00 00 00 
00 00 00 00 00 00 00 00 00 00 00 00 00 00 00 00 
00 00 00 00 00 00 00 00 00 00 00 00 00 00 00 00 
00 00 00 00 00 00 00 00 00 00 00 00 00 00 00 00 
00 00 00 00 00 00 00 00 00 00 00 00 00 00 00 00 
00 00 00 00 00 00 00 00 00 00 00 00 00 00 00 00 
00 00 00 00 00 00 00 00 00 00 00 00 00 00 00 00 
00 00 00 00 00 00 00 00 00 00 00 00 00 00 00 00 
00 00 00 00 ff ff ff ff ff ff ff ff ff ff ff ff 
00 00 00 00 00 00 00 00 00 00 00 00 00 00 00 00 
00 00 00 00 00 00 00 00 00 00 00 00 00 00 00 00 
00 00 00 00 00 00 00 00 00 00 00 00 00 00 00 00 
00 00 00 00 00 00 00 00 00 00 00 00 00 00 00 00 
00 00 00 00 00 00 00 00 00 00 00 00 00 00 00 00 
00 00 00 00 00 00 00 00 00 00 00 00 00 00 00 00 
00 00 00 00 00 00 00 00 00 00 00 00 00 00 00 00 
00 00 00 00 00 00 00 00 00 00 00 00 00 00 00 00 
00 00 00 00 00 00 00 00 00 00 00 00 00 00 00 00 
00 00 00 ff ff ff ff ff ff ff ff ff ff ff ff 00 
00 00 00 00 00 00 00 00 00 00 00 00 00 00 00 00 
00 00 00 00 00 00 00 00 00 00 00 00 00 00 00 00 
00 00 00 00 00 00 00 00 00 00 00 00 00 00 00 00 
00 00 00 00 00 00 00 00 00 00 00 00 00 00 00 00 
00 00 00 00 f5 f8 b7 77 48 d3 e9 76 b0 02 00 00 
00 00 00 00 00 00 00 00 00 00 00 00 90 6c 18 00 
10 85 60 05 00 fa 00 00 00 00 00 00 9a d3 e9 76 
63 97 df c6 24 6d 18 00 b0 02 00 00 00 00 00 00 
00 00 00 00 9a d3 e9 76 00 00 00 00 38 06 00 00 
00 00 ff ff ff ff ff ff ff ff ff ff ff ff 00 00 
00 00 00 00 00 00 00 00 00 00 00 00 00 00 bb 76 
b0 02 00 00 10 85 60 05 00 fa 00 00 24 6d 18 00 
fc 3e bb 76 da 97 df c6 20 48 bc 74 c0 02 00 00 
00 00 00 00 3c 6d 18 00 cc 6c 18 00 32 96 df c6 
70 6d 18 00 e5 40 c5 76 22 c4 7c b0 fe 00 ff ff 
fc 3e bb 76 b6 51 b6 74 b0 02 00 00 10 85 60 05 
00 fa 00 00 24 6d 18 00 00 00 00 00 c0 02 00 00 
20 48 bc 74 00 00 00 00 00 fa 00 00 38 06 00 00 
fe ff ff ff c0 02 00 00 20 48 bc 74 00 00 00 00 
00 ff ff ff ff ff ff ff ff ff ff ff ff 00 00 00 
00 00 00 00 00 00 00 00 00 00 00 00 00 00 00 00 
d8 1c bc 74 98 00 00 00 0b 00 00 00 38 06 00 00 
18 00 00 00 00 00 00 00 8c 6d 18 00 75 04 b8 74 
84 6e 18 00 a8 85 60 05 18 00 00 00 18 00 00 00 
d8 1c bc 74 c0 6d 18 00 d4 5b b7 74 00 6e 18 00 
ff ff ff ff a8 85 60 05 18 00 00 00 a0 66 46 05 
00 00 00 00 a0 66 46 05 18 00 00 00 00 00 00 00 
c4 6d 18 00 ff 23 b3 74 00 ef 58 04 08 6e 18 00 
a9 e5 b3 74 1b 00 00 00 b1 5d b7 74 00 00 00 00 
ff ff ff ff ff ff ff ff ff ff ff ff 00 00 00 00 
00 00 00 00 00 00 00 00 00 00 00 00 18 00 00 00 
d4 ec 18 00 ed 8c b3 74 a1 10 60 b2 fe ff ff ff 
71 5d b7 74 ca 5d b7 74 84 6e 18 00 ff ff ff ff 
18 00 00 00 01 00 00 00 00 00 00 00 68 7b 5f 05 
00 00 00 00 68 7b 5f 05 01 00 00 00 d8 1c bc 74 
01 00 00 00 95 95 5e 00 18 00 00 00 00 00 00 00 
a0 66 46 05 18 97 5d 00 00 00 00 00 b8 ec 18 00 
68 7b 5f 05 92 9b 5d 00 a0 66 46 05 f8 ec 18 00 
6c 9c 5d 00 d4 ec 18 01 e0 6c 5f 00 00 00 00 ff 
ff ff ff ff ff ff ff ff ff ff ff 00 00 00 00 00 
00 00 00 00 00 00 00 00 00 00 00 44 76 2f 8b 43 
11 fa 37 44 ab 3e a7 40 e2 18 40 43 21 e0 72 43 
72 33 64 32 4d 65 73 68 02 00 02 00 6f 72 64 65 
72 53 68 6f 70 30 31 00 00 00 00 00 00 00 00 00 
00 00 00 00 00 00 00 00 00 00 00 00 00 00 00 00 
00 00 00 00 00 00 00 00 00 00 00 00 00 00 00 00 
00 00 00 00 00 00 00 00 00 00 00 00 00 00 00 00 
00 00 00 00 00 00 00 00 00 00 00 00 00 00 00 00 
00 00 00 00 00 00 00 00 00 00 00 00 00 00 ff ff 
ff ff ff ff ff ff ff ff ff ff 00 00 00 00 00 00 
00 00 00 00 00 00 00 00 00 00 00 00 08 00 00 00 
0c 00 00 00 01 00 00 00 00 00 00 00 00 00 00 00 
00 00 00 00 08 00 00 00 0c 00 00 00 01 00 00 00 
64 6f 18 00 64 fa b8 77 22 f4 b8 77 40 00 00 00 
00 00 00 00 00 00 00 00 00 00 00 00 00 00 00 00 
00 00 00 00 00 00 00 00 00 00 00 00 00 00 00 00 
00 00 00 00 00 00 00 00 00 00 00 00 00 00 00 00 
00 00 00 00 00 00 00 00 00 00 00 00 a4 72 18 00 
00 00 00 00 bb a7 b9 77 20 00 00 00 00 ff ff ff 
ff ff ff ff ff ff ff ff ff 00 00 00 00 00 00 00 
00 00 00 00 00 00 00 00 00 00 00 00 00 00 02 00 
f4 6f 18 00 f4 6f 18 00 f4 6f 18 00 02 00 00 00 
02 00 00 00 00 00 00 00 05 00 00 00 00 00 00 00 
64 fa b8 77 64 fa b8 77 58 71 18 00 e1 f1 b8 77 
34 70 18 00 e8 71 18 00 00 73 18 00 4c f2 b8 77 
64 00 6f 00 77 00 73 00 00 00 80 00 b4 70 18 00 
53 00 78 00 64 fa b8 77 00 00 00 00 00 00 00 00 
00 00 00 00 00 00 00 00 00 00 00 00 00 00 00 00 
00 00 00 00 18 00 1a 00 00 00 00 00 ff ff ff ff 
ff ff ff ff ff ff ff ff 00 00 00 00 00 00 00 00 
00 00 00 00 00 00 00 00 00 00 00 00 00 00 00 00 
00 00 00 00 00 00 00 00 00 00 00 00 00 00 00 00 
00 00 00 00 00 00 00 00 00 00 20 00 34 71 18 00 
34 71 18 00 34 71 18 00 20 00 00 00 20 00 00 00 
64 00 30 00 38 00 63 00 63 00 30 00 08 00 00 00 
b0 ec fb 02 00 00 fb 02 28 ed fb 02 66 00 63 00 
5c 00 4d 00 53 00 56 00 00 00 00 00 07 00 00 00 
c4 71 18 00 08 00 00 00 00 00 fb 02 b0 ec fb 02 
c4 71 18 00 74 3c b9 00 00 00 00 ff ff ff ff ff 
ff ff ff ff ff ff ff 00 00 00 00 00 00 00 00 00 
00 00 00 00 00 00 00 02 14 23 fb 02 80 48 c6 77 
38 71 18 00 f9 f9 b8 77 78 e4 fb 02 04 23 fb 02 
50 3e ff ff f0 71 18 00 a0 01 c6 77 00 00 00 00 
a4 71 18 00 6e fe b8 77 f0 71 18 00 00 00 00 00 
f8 71 18 00 64 fa 00 77 2e 00 00 00 60 e4 fb 02 
98 71 18 00 d6 fa b8 77 01 00 00 00 ac 73 18 00 
64 fa b8 77 f0 71 18 00 e0 71 18 00 fc 71 18 00 
00 00 00 00 00 00 00 00 00 00 00 00 e8 71 18 00 
ac 73 18 00 64 fa 00 00 00 00 ff ff ff ff 56 65 
72 73 69 6f 6e 20 31 2e 30 2e 30 2e 31 33 36 20 
5b 50 55 42 4c 49 43 5d 00 01 c6 77 92 e1 b8 77 
58 00 b9 77 50 ec ff e8 01 00 00 00 f7 fc b8 77 
00 00 00 00 34 00 00 00 40 00 00 00 74 73 18 00 
00 00 00 00 00 00 00 00 00 00 00 00 00 00 00 00 
01 00 00 00 a0 01 c6 77 18 00 1a 00 60 e4 fb 02 
d8 22 fb 02 f0 71 18 00 85 48 b9 01 00 00 c6 77 
00 00 00 00 b8 ec fb 02 00 00 00 00 1a 02 00 00 
00 00 00 00 44 72 00 01 00 00 00 00 d0 0c 00 00 
3c 72 01 01 6b b4 cc c6 2c 76 18 00 50 48 64 00 
5d 48 64 00 50 72 18 00 54 2c b9 77 d4 ec fb 02 
00 00 00 00 00 00 00 00 64 72 18 00 c3 97 ea 76 
d4 ec fb 02 00 00 00 00 c4 75 18 00 50 75 18 00 
d3 9f ea 76 70 00 00 00 00 00 00 00 00 00 00 00 
00 00 00 00 00 00 00 00 0e a0 ea 76 18 00 00 00 
00 00 00 00 d8 72 18 00 40 00 00 00 00 00 43 4c 
41 53 53 49 43 00 00 00 00 00 00 00 00 00 00 00 
00 00 00 00 00 00 00 00 00 00 00 00 00 00 00 00 
00 00 00 00 00 00 00 00 00 00 00 00 00 00 00 00 
00 00 00 00 00 00 00 00 00 00 00 00 00 00 00 00 
00 00 00 00 00 00 00 00 00 00 00 00 00 00 00 00 
00 00 00 00 00 00 00 00 00 00 00 00 00 00 00 00 
00 00 00 00 00 00 00 00 00 00 00 00 00 00 00 00 
00 00 00 00 00 00 00 00 00 00 00 00 00 00 00 00 
00 00 00 00 00 00 00 00 00 00 00 00 00 00 00 00 
00 00 00 00 00 00 00 00 00 00 00 00 00 00 00 00 
00 00 00 00 00 00 00 00 00 00 00 00 00 00 00 00 
00 00 00 00 00 00 00 00 00 00 00 00 00 00 00 00 
00 00 00 00 00 00 00 00 00 00 00 00 00 00 00 00 
00 00 00 00 00 00 00 00 00 00 00 00 00 00 00 00 
00 00 00 00 00 00 00 00 00 00 00 00 00 00 00 00 
00 00 00 00 00 00 00 00 00 00 00 00 00 00 00 00 
00 00 00 00 00 00 00 00 00 00 00 00 00 00 00 00 
00 00 00 00 00 00 00 00 00 00 00 00 00 00 00 00 
00 00 00 00 00 00 00 00 00 00 00 00 00 00 00 00 
00 00 00 00 00 00 00 00 00 00 00 00 00 00 00 00 
00 00 00 00 00 00 00 00 00 00 00 00 00 00 00 00 
00 00 00 00 00 00 00 00 00 00 00 00 00 00 00 00 
00 00 00 00 00 00 00 00 00 00 00 00 00 00 00 00 
00 00 00 00 00 00 00 00 00 00 00 00 00 00 00 00 
00 00 00 00 00 00 00 00 00 00 00 00 00 00 00 00 
00 00 00 00 00 00 00 00 00 00 00 00 00 00 00 00 
00 00 00 00 00 00 00 00 00 00 00 00 00 00 00 00 
00 00 00 00 00 00 00 00 00 00 00 00 00 00 00 00 
00 00 00 00 00 00 00 00 00 00 00 00 00 00 00 00 
00 00 00 00 00 00 00 00 00 00 00 00 00 00 00 00 
00 00 00 00 00 00 00 00 00 00 00 00 00 00 00 00 
00 00 00 00 00 00 00 00 00 00 00 00 00 00 00 00 
00 00 00 00 00 00 00 00 00 00 00 00 00 00 00 00 
00 00 00 00 00 00 00 00 00 00 00 00 00 00 00 00 
00 00 00 00 00 00 00 00 00 00 00 00 00 00 00 00 
00 00 00 00 00 00 00 00 00 00 00 00 00 00 00 00 
00 00 00 00 00 00 00 00 00 00 00 00 00 00 00 00 
00 00 00 00 00 00 00 00 00 00 00 00 00 00 00 00 
00 00 00 00 00 00 00 00 00 00 00 00 00 00 00 00 
00 00 00 00 00 00 00 00 00 00 00 00 00 00 00 00 
00 00 00 00 00 00 00 00 00 00 00 00 00 00 00 00 
00 00 00 00 00 00 00 00 00 00 00 00 00 00 00 00 
00 00 00 00 00 00 00 00 00 00 00 00 00 00 00 00 
00 00 00 00 00 00 00 00 00 00 00 00 00 00 00 00 
00 00 00 00 00 00 00 00 00 00 00 00 00 00 00 00 
00 00 00 00 00 00 00 00 00 00 00 00 00 00 00 00 
00 00 00 00 00 00 00 00 00 00 00 00 00 00 00 00 
00 00 00 00 00 00 00 00 00 00 00 00 00 00 00 00 
00 00 00 00 00 00 00 00 00 00 00 00 00 00 00 00 
00 00 00 00 00 00 00 00 00 00 00 00 00 00 00 00 
00 00 00 00 00 00 00 00 00 00 00 00 00 00 00 00 
00 00 00 00 00 00 00 00 00 00 00 00 00 00 00 00 
00 00 00 00 00 00 00 00 00 00 00 00 00 00 00 00 
00 00 00 00 00 00 00 00 00 00 00 00 00 00 00 00 
00 00 00 00 00 00 00 00 00 00 00 00 00 00 00 00 
00 00 00 00 00 00 00 00 00 00 00 00 00 00 00 00 
00 00 00 00 00 00 00 00 00 00 00 00 00 00 00 00 
00 00 00 00 00 00 00 00 00 00 00 00 00 00 00 00 
00 00 00 00 00 00 00 00 00 00 00 00 00 00 00 00 
00 00 00 00 00 00 00 00 00 00 00 00 00 00 00 00 
00 00 00 00 00 00 00 00 00 00 00 00 00 00 00 00 
00 00 00 00 00 00 00 00 00 00 00 00 00 00 00 00 
00 00 00 00 00 00 00 00 00 00 00 00 00 00 00 00 
00 00 00 00 00 00 00 00 00 00 00 00 00 00 00 00 
00 00 00 00 00 00 00 00 00 00 00 00 00 00 00 00 
00 00 00 00 00 00 00 00 00 00 00 00 00 00 00 00 
00 00 00 00 00 00 00 00 00 00 00 00 00 00 00 00 
00 00 00 00 00 00 00 00 00 00 00 00 00 00 00 00 
00 00 00 00 00 00 00 00 00 00 00 00 00 00 00 00 
00 00 00 00 00 00 00 00 00 00 00 00 00 00 00 00 
00 00 00 00 00 00 00 00 00 00 00 00 00 00 00 00 
00 00 00 00 00 00 00 00 00 00 00 00 00 00 00 00 
00 00 00 00 00 00 00 00 00 00 00 00 00 00 00 00 
00 00 00 00 00 00 00 00 00 00 00 00 00 00 00 00 
00 00 00 00 00 00 00 00 00 00 00 00 00 00 00 00 
00 00 00 00 00 00 00 00 00 00 00 00 00 00 00 00 
00 00 00 00 00 00 00 00 00 00 00 00 00 00 00 00 
00 00 00 00 00 00 00 00 00 00 00 00 00 00 00 00 
00 00 00 00 00 00 00 00 00 00 00 00 00 00 00 00 
00 00 00 00 00 00 00 00 00 00 00 00 00 00 00 00 
00 00 00 00 00 00 00 00 00 00 00 00 00 00 00 00 
00 00 00 00 00 00 00 00 00 00 00 00 00 00 00 00 
00 00 00 00 00 00 00 00 00 00 00 00 00 00 00 00 
00 00 00 00 00 00 00 00 00 00 00 00 00 00 00 00 
00 00 00 00 00 00 00 00 00 00 00 00 00 00 00 00 
00 00 00 00 00 00 00 00 00 00 00 00 00 00 00 00 
00 00 00 00 00 00 00 00 00 00 00 00 00 00 00 00 
00 00 00 00 00 00 00 00 00 00 00 00 00 00 00 00 
00 00 00 00 00 00 00 00 00 00 00 00 00 00 00 00 
00 00 00 00 00 00 00 00 00 00 00 00 00 00 00 00 
00 00 00 00 00 00 00 00 00 00 00 00 00 00 00 00 
00 00 00 00 00 00 00 00 00 00 00 00 00 00 00 00 
00 00 00 00 00 00 00 00 00 00 00 00 00 00 00 00 
00 00 00 00 00 00 00 00 00 00 00 00 00 00 00 00 
00 00 00 00 00 00 00 00 00 00 00 00 00 00 00 00 
00 00 00 00 00 00 00 00 00 00 00 00 00 00 00 00 
00 00 00 00 00 00 00 00 00 00 00 00 00 00 00 00 
00 00 00 00 00 00 00 00 00 00 00 00 00 00 00 00 
00 00 00 00 00 00 00 00 00 00 00 00 00 00 00 00 
00 00 00 00 00 00 00 00 00 00 00 00 00 00 00 00 
00 00 00 00 00 00 00 00 00 00 00 00 00 00 00 00 
00 00 00 00 00 00 00 00 00 00 00 00 00 00 00 00 
00 00 00 00 00 00 00 00 00 00 00 00 00 00 00 00 
00 00 00 00 00 00 00 00 00 00 00 00 00 00 00 00 
00 00 00 00 00 00 00 00 00 00 00 00 00 00 00 00 
00 00 00 00 00 00 00 00 00 00 00 00 00 00 00 00 
00 00 00 00 00 00 00 00 00 00 00 00 00 00 00 00 
00 00 00 00 00 00 00 00 00 00 00 00 00 00 00 00 
00 00 00 00 00 00 00 00 00 00 00 00 00 00 00 00 
00 00 00 00 00 00 00 00 00 00 00 00 00 00 00 00 
00 00 00 00 00 00 00 00 00 00 00 00 00 00 00 00 
00 00 00 00 00 00 00 00 00 00 00 00 00 00 00 00 
00 00 00 00 00 00 00 00 00 00 00 00 00 00 00 00 
00 00 00 00 00 00 00 00 00 00 00 00 00 00 00 00 
00 00 00 00 00 00 00 00 00 00 00 00 00 00 00 00 
00 00 00 00 00 00 00 00 00 00 00 00 00 00 00 00 
00 00 00 00 00 00 00 00 00 00 00 00 00 00 00 00 
00 00 00 00 00 00 00 00 00 00 00 00 00 00 00 00 
00 00 00 00 00 00 00 00 00 00 00 00 00 00 00 00 
00 00 00 00 00 00 00 00 00 00 00 00 00 00 00 00 
00 00 00 00 00 00 00 00 00 00 00 00 00 00 00 00 
00 00 00 00 00 00 00 00 00 00 00 00 00 00 00 00 
00 00 00 00 00 00 00 00 00 00 00 00 00 00 00 00 
00 00 00 00 00 00 00 00 00 00 00 00 00 00 00 00 
00 00 00 00 00 00 00 00 00 00 00 00 00 00 00 00 
00 00 00 00 00 00 00 00 00 00 00 00 00 00 00 00 
00 00 00 00 00 00 00 00 00 00 00 00 00 00 00 00 
00 00 00 00 00 00 00 00 00 00 00 00 00 00 00 00 
00 00 00 00 00 00 00 00 00 00 00 00 00 00 00 00 
00 00 00 00 00 00 00 00 00 00 00 00 00 00 00 00 
00 00 00 00 00 00 00 00 00 00 00 00 00 00 00 00 
00 00 00 00 00 00 00 00 00 00 00 00 00 00 00 00 
00 00 00 00 00 00 00 00 00 00 00 00 00 00 00 00 
00 00 00 00 00 00 00 00 00 00 00 00 00 00 00 00 
00 00 00 00 00 00 00 00 00 00 00 00 00 00 00 00 
00 00 00 00 00 00 00 00 00 00 00 00 00 00 00 00 
00 00 00 00 00 00 00 00 00 00 00 00 00 00 00 00 
00 00 00 00 00 00 00 00 00 00 00 00 00 00 00 00 
00 00 00 00 00 00 00 00 00 00 00 00 00 00 00 00 
00 00 00 00 00 00 00 00 00 00 00 00 00 00 e0 e2 
a0 

67 00 00 00 06 00 00 00 06 00 00 00 4b 37 cc c6 
71 ae 33 01 00 00 00 00 00 00 00 00 00 00 00 00 
00 00 00 00 00 00 00 00 00 00 00 00 00 00 00 00 
00 00 00 00 00 00 00 00 00 00 00 00 00 00 00 00 
00 7d 3f 18 00 00 00 00 71 ae 33 01 00 00 00 00 
ed 8c b3 74 91 01 60 b2 fe ff ff ff 3c f1 18 00 
b2 0c 6a 00 f0 f5 18 00 ed 8c b3 74 01 01 60 b2 
fe ff ff ff 58 4c b3 74 a0 0c 6a 00 70 e4 ea 05 
18 7c ce 02 13 d9 21 9f 13 d9 21 9f 0c 27 0b 75 
a0 61 d1 03 00 00 00 00 10 27 00 00 18 7c ce 02 
9e bc 5b 00 9c f7 18 00 dd bd 5b 00 20 74 6f 20 
c1 18 00 00 6d 61 70 70 69 6e 67 73 20 3a 2c 20 
30 2c 20 31 00 39 2c 20 74 6f 20 65 6e 65 74 20 
00 00 00 00 00 00 00 00 00 00 00 00 00 00 00 00 
00 00 00 00 00 00 00 00 00 00 00 00 00 00 00 00 
00 00 00 00 00 00 00 00 00 00 00 00 00 00 00 00 
02 c7 b4 74 50 f2 18 00 08 6f c9 02 88 15 fa 02 
2f 2e b3 74 00 f2 18 00 b4 f2 18 00 64 1a b4 74 
0a 00 00 00 91 1a b4 74 00 00 00 00 f8 1b bc 74 
63 20 b4 74 00 00 00 00 00 00 00 00 91 1a b4 74 
00 00 00 00 90 f4 18 00 1c f5 18 00 2b 00 00 00 
08 6f c9 02 88 15 fa 02 d0 07 fa 02 01 00 00 00 
00 00 00 00 00 00 00 00 00 00 00 00 86 05 ac 02 
00 00 00 00 00 00 00 00 00 00 00 00 00 00 00 00 
46 00 00 00 f8 1b bc 74 04 f5 18 00 00 00 00 00 
01 00 00 00 00 00 00 00 