58 00 00 00 00 01 06 00 00 00 71 ae 33 01 00 00 
00 00 1e 00 1c af 64 03 a8 6e 49 06 00 64 00 00 
00 00 18 00 50 48 64 00 5d 48 64 00 00 00 00 00 
00 00 00 00 00 00 00 00 00 00 00 00 00 00 00 00 
00 00 00 00 00 00 00 00 00 00 00 00 00 00 00 00 
00 00 00 00 00 00 00 00 00 00 00 00 00 00 00 00 
00 00 00 00 00 00 00 00 00 00 00 00 00 00 00 00 
00 00 00 00 00 00 00 00 00 00 00 00 00 00 00 00 
00 00 00 00 00 00 00 00 00 00 00 00 00 00 00 00 
00 00 00 00 00 00 00 00 00 00 00 00 00 00 00 00 
00 00 00 00 00 11 00 00 00 ff ff ff ff ff ff ff 
ff 00 00 00 00 00 00 00 00 00 00 00 00 00 00 00 
00 00 00 00 00 00 00 00 00 00 00 00 00 00 00 00 
00 00 00 00 00 00 00 00 00 00 00 00 00 00 00 00 
00 00 00 00 00 00 00 00 00 00 00 00 00 00 00 00 
00 00 00 00 00 00 00 00 00 00 00 00 00 00 00 00 
00 00 00 00 00 00 00 00 00 00 00 00 00 00 00 00 
00 00 00 00 00 00 00 00 00 00 00 00 00 00 00 00 
00 00 00 00 00 00 00 00 00 00 00 00 00 00 00 00 
00 00 00 00 00 00 00 00 00 00 00 00 00 00 00 00 
00 00 00 00 ff ff ff ff ff ff ff ff ff ff ff ff 
00 00 00 00 00 00 00 00 00 00 00 00 00 00 00 00 
00 00 00 00 00 00 00 00 00 00 00 00 00 00 00 00 
00 00 00 00 00 00 00 00 00 00 00 00 00 00 00 00 
00 00 00 00 00 00 00 00 00 00 00 00 00 00 00 00 
00 00 00 00 00 00 00 00 00 00 00 00 00 00 00 00 
00 00 00 00 00 00 00 00 00 00 00 00 00 00 00 00 
00 00 00 00 00 00 00 00 00 00 00 00 00 00 00 00 
00 00 00 00 00 00 00 00 00 00 00 00 00 00 00 00 
00 00 00 00 00 00 00 00 00 00 00 00 00 00 00 00 
00 00 00 ff ff ff ff ff ff ff ff ff ff ff ff 00 
00 00 00 00 00 00 00 00 00 00 00 00 00 00 00 00 
00 00 00 00 00 00 00 00 00 00 00 00 00 00 00 00 
00 00 00 00 00 00 00 00 00 00 00 00 00 00 00 00 
00 00 00 00 00 00 00 00 00 00 00 00 00 00 00 00 
00 00 00 00 f5 f8 10 77 48 d3 71 76 ac 02 00 00 
00 00 00 00 00 00 00 00 00 00 00 00 90 6c 18 00 
20 f2 41 05 00 fa 00 00 00 00 00 00 9a d3 71 76 
72 b5 f9 33 24 6d 18 00 ac 02 00 00 00 00 00 00 
00 00 00 00 9a d3 71 76 00 00 00 00 38 06 00 00 
00 00 ff ff ff ff ff ff ff ff ff ff ff ff 00 00 
00 00 00 00 00 00 00 00 00 00 00 00 00 00 d6 75 
ac 02 00 00 20 f2 41 05 00 fa 00 00 24 6d 18 00 
fc 3e d6 75 20 b5 f9 33 20 48 16 74 c0 02 00 00 
00 00 00 00 3c 6d 18 00 cc 6c 18 00 c8 b4 f9 33 
70 6d 18 00 e5 40 e0 75 d8 e6 37 46 fe 00 ff ff 
fc 3e d6 75 b6 51 10 74 ac 02 00 00 20 f2 41 05 
00 fa 00 00 24 6d 18 00 00 00 00 00 c0 02 00 00 
20 48 16 74 00 00 00 00 00 fa 00 00 38 06 00 00 
fe ff ff ff c0 02 00 00 20 48 16 74 00 00 00 00 
00 ff ff ff ff ff ff ff ff ff ff ff ff 00 00 00 
00 00 00 00 00 00 00 00 00 00 00 00 00 00 00 00 
d8 1c 16 74 98 00 00 00 0b 00 00 00 38 06 00 00 
18 00 00 00 00 00 00 00 8c 6d 18 00 75 04 12 74 
84 6e 18 00 b8 f2 41 05 18 00 00 00 18 00 00 00 
d8 1c 16 74 c0 6d 18 00 d4 5b 11 74 00 6e 18 00 
ff ff ff ff b8 f2 41 05 18 00 00 00 b0 fe 87 04 
00 00 00 00 b0 fe 87 04 18 00 00 00 00 00 00 00 
c4 6d 18 00 ff 23 0d 74 f8 55 a6 04 08 6e 18 00 
a9 e5 0d 74 1b 00 00 00 b1 5d 11 74 00 00 00 00 
ff ff ff ff ff ff ff ff ff ff ff ff 00 00 00 00 
00 00 00 00 00 00 00 00 00 00 00 00 18 00 00 00 
d4 ec 18 00 ed 8c 0d 74 1c 2b f3 47 fe ff ff ff 
71 5d 11 74 ca 5d 11 74 84 6e 18 00 ff ff ff ff 
18 00 00 00 01 00 00 00 00 00 00 00 78 e8 40 05 
00 00 00 00 78 e8 40 05 01 00 00 00 d8 1c 16 74 
01 00 00 00 95 95 5e 00 18 00 00 00 00 00 00 00 
b0 fe 87 04 18 97 5d 00 00 00 00 00 b8 ec 18 00 
78 e8 40 05 92 9b 5d 00 b0 fe 87 04 f8 ec 18 00 
6c 9c 5d 00 d4 ec 18 01 f0 d9 40 00 00 00 00 ff 
ff ff ff ff ff ff ff ff ff ff ff 00 00 00 00 00 
00 00 00 00 00 00 00 00 00 00 00 44 76 2f 8b 43 
11 fa 37 44 ab 3e a7 40 e2 18 40 43 21 e0 72 43 
72 33 64 32 4d 65 73 68 02 00 02 00 6f 72 64 65 
72 53 68 6f 70 30 31 00 00 00 00 00 00 00 00 00 
00 00 00 00 00 00 00 00 00 00 00 00 00 00 00 00 
00 00 00 00 00 00 00 00 00 00 00 00 00 00 00 00 
00 00 00 00 00 00 00 00 00 00 00 00 00 00 00 00 
00 00 00 00 00 00 00 00 00 00 00 00 00 00 00 00 
00 00 00 00 00 00 00 00 00 00 00 00 00 00 ff ff 
ff ff ff ff ff ff ff ff ff ff 00 00 00 00 00 00 
00 00 00 00 00 00 00 00 00 00 00 00 08 00 00 00 
0c 00 00 00 01 00 00 00 00 00 00 00 00 00 00 00 
00 00 00 00 08 00 00 00 0c 00 00 00 01 00 00 00 
64 6f 18 00 64 fa 11 77 22 f4 11 77 40 00 00 00 
00 00 00 00 00 00 00 00 00 00 00 00 00 00 00 00 
00 00 00 00 00 00 00 00 00 00 00 00 00 00 00 00 
00 00 00 00 00 00 00 00 00 00 00 00 00 00 00 00 
00 00 00 00 00 00 00 00 00 00 00 00 a4 72 18 00 
00 00 00 00 bb a7 12 77 20 00 00 00 00 ff ff ff 
ff ff ff ff ff ff ff ff ff 00 00 00 00 00 00 00 
00 00 00 00 00 00 00 00 00 00 00 00 00 00 02 00 
f4 6f 18 00 f4 6f 18 00 f4 6f 18 00 02 00 00 00 
02 00 00 00 00 00 00 00 05 00 00 00 00 00 00 00 
64 fa 11 77 64 fa 11 77 58 71 18 00 e1 f1 11 77 
34 70 18 00 e8 71 18 00 00 73 18 00 4c f2 11 77 
64 00 6f 00 77 00 73 00 00 00 80 00 b4 70 18 00 
53 00 78 00 64 fa 11 77 00 00 00 00 00 00 00 00 
00 00 00 00 00 00 00 00 00 00 00 00 00 00 00 00 
00 00 00 00 18 00 1a 00 00 00 00 00 ff ff ff ff 
ff ff ff ff ff ff ff ff 00 00 00 00 00 00 00 00 
00 00 00 00 00 00 00 00 00 00 00 00 00 00 00 00 
00 00 00 00 00 00 00 00 00 00 00 00 00 00 00 00 
00 00 00 00 00 00 00 00 00 00 20 00 34 71 18 00 
34 71 18 00 34 71 18 00 20 00 00 00 20 00 00 00 
64 00 30 00 38 00 63 00 63 00 30 00 08 00 00 00 
b0 ec c1 02 00 00 c1 02 28 ed c1 02 66 00 63 00 
5c 00 4d 00 53 00 56 00 00 00 00 00 07 00 00 00 
c4 71 18 00 08 00 00 00 00 00 c1 02 b0 ec c1 02 
c4 71 18 00 74 3c 12 00 00 00 00 ff ff ff ff ff 
ff ff ff ff ff ff ff 00 00 00 00 00 00 00 00 00 
00 00 00 00 00 00 00 02 14 23 c1 02 80 48 1f 77 
38 71 18 00 f9 f9 11 77 78 e4 c1 02 04 23 c1 02 
50 3e ff ff f0 71 18 00 a0 01 1f 77 00 00 00 00 
a4 71 18 00 6e fe 11 77 f0 71 18 00 00 00 00 00 
f8 71 18 00 64 fa 00 77 2e 00 00 00 60 e4 c1 02 
98 71 18 00 d6 fa 11 77 01 00 00 00 ac 73 18 00 
64 fa 11 77 f0 71 18 00 e0 71 18 00 fc 71 18 00 
00 00 00 00 00 00 00 00 00 00 00 00 e8 71 18 00 
ac 73 18 00 64 fa 00 00 00 00 ff ff ff ff 56 65 
72 73 69 6f 6e 20 31 2e 30 2e 30 2e 31 33 36 20 
5b 50 55 42 4c 49 43 5d 00 01 1f 77 92 e1 11 77 
58 00 12 77 bd a5 23 e8 01 00 00 00 f7 fc 11 77 
00 00 00 00 34 00 00 00 40 00 00 00 74 73 18 00 
00 00 00 00 00 00 00 00 00 00 00 00 00 00 00 00 
01 00 00 00 a0 01 1f 77 18 00 1a 00 60 e4 c1 02 
d8 22 c1 02 f0 71 18 00 85 48 12 01 00 00 1f 77 
00 00 00 00 b8 ec c1 02 00 00 00 00 1a 02 00 00 
00 00 00 00 44 72 00 01 00 00 00 00 d0 0c 00 00 
3c 72 01 01 69 8c fe 33 2c 76 18 00 50 48 64 00 
5d 48 64 00 50 72 18 00 54 2c 12 77 d4 ec c1 02 
00 00 00 00 00 00 00 00 64 72 18 00 c3 97 72 76 
d4 ec c1 02 00 00 00 00 c4 75 18 00 50 75 18 00 
d3 9f 72 76 70 00 00 00 00 00 00 00 00 00 00 00 
00 00 00 00 00 00 00 00 0e a0 72 76 18 00 00 00 
00 00 00 00 d8 72 18 00 40 00 00 00 00 00 43 4c 
41 53 53 49 43 00 00 00 00 00 00 00 00 00 00 00 
00 00 00 00 00 00 00 00 00 00 00 00 00 00 00 00 
00 00 00 00 00 00 00 00 00 00 00 00 00 00 00 00 
00 00 00 00 00 00 00 00 00 00 00 00 00 00 00 00 
00 00 00 00 00 00 00 00 00 00 00 00 00 00 00 00 
00 00 00 00 00 00 00 00 00 00 00 00 00 00 00 00 
00 00 00 00 00 00 00 00 00 00 00 00 00 00 00 00 
00 00 00 00 00 00 00 00 00 00 00 00 00 00 00 00 
00 00 00 00 00 00 00 00 00 00 00 00 00 00 00 00 
00 00 00 00 00 00 00 00 00 00 00 00 00 00 00 00 
00 00 00 00 00 00 00 00 00 00 00 00 00 00 00 00 
00 00 00 00 00 00 00 00 00 00 00 00 00 00 00 00 
00 00 00 00 00 00 00 00 00 00 00 00 00 00 00 00 
00 00 00 00 00 00 00 00 00 00 00 00 00 00 00 00 
00 00 00 00 00 00 00 00 00 00 00 00 00 00 00 00 
00 00 00 00 00 00 00 00 00 00 00 00 00 00 00 00 
00 00 00 00 00 00 00 00 00 00 00 00 00 00 00 00 
00 00 00 00 00 00 00 00 00 00 00 00 00 00 00 00 
00 00 00 00 00 00 00 00 00 00 00 00 00 00 00 00 
00 00 00 00 00 00 00 00 00 00 00 00 00 00 00 00 
00 00 00 00 00 00 00 00 00 00 00 00 00 00 00 00 
00 00 00 00 00 00 00 00 00 00 00 00 00 00 00 00 
00 00 00 00 00 00 00 00 00 00 00 00 00 00 00 00 
00 00 00 00 00 00 00 00 00 00 00 00 00 00 00 00 
00 00 00 00 00 00 00 00 00 00 00 00 00 00 00 00 
00 00 00 00 00 00 00 00 00 00 00 00 00 00 00 00 
00 00 00 00 00 00 00 00 00 00 00 00 00 00 00 00 
00 00 00 00 00 00 00 00 00 00 00 00 00 00 00 00 
00 00 00 00 00 00 00 00 00 00 00 00 00 00 00 00 
00 00 00 00 00 00 00 00 00 00 00 00 00 00 00 00 
00 00 00 00 00 00 00 00 00 00 00 00 00 00 00 00 
00 00 00 00 00 00 00 00 00 00 00 00 00 00 00 00 
00 00 00 00 00 00 00 00 00 00 00 00 00 00 00 00 
00 00 00 00 00 00 00 00 00 00 00 00 00 00 00 00 
00 00 00 00 00 00 00 00 00 00 00 00 00 00 00 00 
00 00 00 00 00 00 00 00 00 00 00 00 00 00 00 00 
00 00 00 00 00 00 00 00 00 00 00 00 00 00 00 00 
00 00 00 00 00 00 00 00 00 00 00 00 00 00 00 00 
00 00 00 00 00 00 00 00 00 00 00 00 00 00 00 00 
00 00 00 00 00 00 00 00 00 00 00 00 00 00 00 00 
00 00 00 00 00 00 00 00 00 00 00 00 00 00 00 00 
00 00 00 00 00 00 00 00 00 00 00 00 00 00 00 00 
00 00 00 00 00 00 00 00 00 00 00 00 00 00 00 00 
00 00 00 00 00 00 00 00 00 00 00 00 00 00 00 00 
00 00 00 00 00 00 00 00 00 00 00 00 00 00 00 00 
00 00 00 00 00 00 00 00 00 00 00 00 00 00 00 00 
00 00 00 00 00 00 00 00 00 00 00 00 00 00 00 00 
00 00 00 00 00 00 00 00 00 00 00 00 00 00 00 00 
00 00 00 00 00 00 00 00 00 00 00 00 00 00 00 00 
00 00 00 00 00 00 00 00 00 00 00 00 00 00 00 00 
00 00 00 00 00 00 00 00 00 00 00 00 00 00 00 00 
00 00 00 00 00 00 00 00 00 00 00 00 00 00 00 00 
00 00 00 00 00 00 00 00 00 00 00 00 00 00 00 00 
00 00 00 00 00 00 00 00 00 00 00 00 00 00 00 00 
00 00 00 00 00 00 00 00 00 00 00 00 00 00 00 00 
00 00 00 00 00 00 00 00 00 00 00 00 00 00 00 00 
00 00 00 00 00 00 00 00 00 00 00 00 00 00 00 00 
00 00 00 00 00 00 00 00 00 00 00 00 00 00 00 00 
00 00 00 00 00 00 00 00 00 00 00 00 00 00 00 00 
00 00 00 00 00 00 00 00 00 00 00 00 00 00 00 00 
00 00 00 00 00 00 00 00 00 00 00 00 00 00 00 00 
00 00 00 00 00 00 00 00 00 00 00 00 00 00 00 00 
00 00 00 00 00 00 00 00 00 00 00 00 00 00 00 00 
00 00 00 00 00 00 00 00 00 00 00 00 00 00 00 00 
00 00 00 00 00 00 00 00 00 00 00 00 00 00 00 00 
00 00 00 00 00 00 00 00 00 00 00 00 00 00 00 00 
00 00 00 00 00 00 00 00 00 00 00 00 00 00 00 00 
00 00 00 00 00 00 00 00 00 00 00 00 00 00 00 00 
00 00 00 00 00 00 00 00 00 00 00 00 00 00 00 00 
00 00 00 00 00 00 00 00 00 00 00 00 00 00 00 00 
00 00 00 00 00 00 00 00 00 00 00 00 00 00 00 00 
00 00 00 00 00 00 00 00 00 00 00 00 00 00 00 00 
00 00 00 00 00 00 00 00 00 00 00 00 00 00 00 00 
00 00 00 00 00 00 00 00 00 00 00 00 00 00 00 00 
00 00 00 00 00 00 00 00 00 00 00 00 00 00 00 00 
00 00 00 00 00 00 00 00 00 00 00 00 00 00 00 00 
00 00 00 00 00 00 00 00 00 00 00 00 00 00 00 00 
00 00 00 00 00 00 00 00 00 00 00 00 00 00 00 00 
00 00 00 00 00 00 00 00 00 00 00 00 00 00 00 00 
00 00 00 00 00 00 00 00 00 00 00 00 00 00 00 00 
00 00 00 00 00 00 00 00 00 00 00 00 00 00 00 00 
00 00 00 00 00 00 00 00 00 00 00 00 00 00 00 00 
00 00 00 00 00 00 00 00 00 00 00 00 00 00 00 00 
00 00 00 00 00 00 00 00 00 00 00 00 00 00 00 00 
00 00 00 00 00 00 00 00 00 00 00 00 00 00 00 00 
00 00 00 00 00 00 00 00 00 00 00 00 00 00 00 00 
00 00 00 00 00 00 00 00 00 00 00 00 00 00 00 00 
00 00 00 00 00 00 00 00 00 00 00 00 00 00 00 00 
00 00 00 00 00 00 00 00 00 00 00 00 00 00 00 00 
00 00 00 00 00 00 00 00 00 00 00 00 00 00 00 00 
00 00 00 00 00 00 00 00 00 00 00 00 00 00 00 00 
00 00 00 00 00 00 00 00 00 00 00 00 00 00 00 00 
00 00 00 00 00 00 00 00 00 00 00 00 00 00 00 00 
00 00 00 00 00 00 00 00 00 00 00 00 00 00 00 00 
00 00 00 00 00 00 00 00 00 00 00 00 00 00 00 00 
00 00 00 00 00 00 00 00 00 00 00 00 00 00 00 00 
00 00 00 00 00 00 00 00 00 00 00 00 00 00 00 00 
00 00 00 00 00 00 00 00 00 00 00 00 00 00 00 00 
00 00 00 00 00 00 00 00 00 00 00 00 00 00 00 00 
00 00 00 00 00 00 00 00 00 00 00 00 00 00 00 00 
00 00 00 00 00 00 00 00 00 00 00 00 00 00 00 00 
00 00 00 00 00 00 00 00 00 00 00 00 00 00 00 00 
00 00 00 00 00 00 00 00 00 00 00 00 00 00 00 00 
00 00 00 00 00 00 00 00 00 00 00 00 00 00 00 00 
00 00 00 00 00 00 00 00 00 00 00 00 00 00 00 00 
00 00 00 00 00 00 00 00 00 00 00 00 00 00 00 00 
00 00 00 00 00 00 00 00 00 00 00 00 00 00 00 00 
00 00 00 00 00 00 00 00 00 00 00 00 00 00 00 00 
00 00 00 00 00 00 00 00 00 00 00 00 00 00 00 00 
00 00 00 00 00 00 00 00 00 00 00 00 00 00 00 00 
00 00 00 00 00 00 00 00 00 00 00 00 00 00 00 00 
00 00 00 00 00 00 00 00 00 00 00 00 00 00 00 00 
00 00 00 00 00 00 00 00 00 00 00 00 00 00 00 00 
00 00 00 00 00 00 00 00 00 00 00 00 00 00 00 00 
00 00 00 00 00 00 00 00 00 00 00 00 00 00 00 00 
00 00 00 00 00 00 00 00 00 00 00 00 00 00 00 00 
00 00 00 00 00 00 00 00 00 00 00 00 00 00 00 00 
00 00 00 00 00 00 00 00 00 00 00 00 00 00 00 00 
00 00 00 00 00 00 00 00 00 00 00 00 00 00 00 00 
00 00 00 00 00 00 00 00 00 00 00 00 00 00 00 00 
00 00 00 00 00 00 00 00 00 00 00 00 00 00 00 00 
00 00 00 00 00 00 00 00 00 00 00 00 00 00 00 00 
00 00 00 00 00 00 00 00 00 00 00 00 00 00 00 00 
00 00 00 00 00 00 00 00 00 00 00 00 00 00 00 00 
00 00 00 00 00 00 00 00 00 00 00 00 00 00 00 00 
00 00 00 00 00 00 00 00 00 00 00 00 00 00 00 00 
00 00 00 00 00 00 00 00 00 00 00 00 00 00 00 00 
00 00 00 00 00 00 00 00 00 00 00 00 00 00 00 00 
00 00 00 00 00 00 00 00 00 00 00 00 00 00 00 00 
00 00 00 00 00 00 00 00 00 00 00 00 00 00 00 00 
00 00 00 00 00 00 00 00 00 00 00 00 00 00 00 00 
00 00 00 00 00 00 00 00 00 00 00 00 00 00 00 00 
00 00 00 00 00 00 00 00 00 00 00 00 00 00 00 00 
00 00 00 00 00 00 00 00 00 00 00 00 00 00 00 00 
00 00 00 00 00 00 00 00 00 00 00 00 00 00 00 00 
00 00 00 00 00 00 00 00 00 00 00 00 00 00 00 00 
00 00 00 00 00 00 00 00 00 00 00 00 00 00 00 00 
00 00 00 00 00 00 00 00 00 00 00 00 00 00 00 00 
00 00 00 00 00 00 00 00 00 00 00 00 00 00 00 00 
00 00 00 00 00 00 00 00 00 00 00 00 00 00 e0 e2 
a0 

c6 00 00 00 00 00 00 00 00 00 00 00 00 56 65 72 
73 69 6f 6e 20 31 2e 30 2e 30 2e 31 33 36 20 5b 
50 55 42 4c 49 43 5d 00 15 00 00 00 15 00 00 00 
f4 ff ff ff 00 00 00 00 00 00 00 00 00 00 00 00 
90 01 00 00 00 00 00 01 00 00 00 00 53 00 65 00 
67 00 6f 00 65 00 20 00 55 00 49 00 00 00 00 00 
00 00 00 00 00 00 00 00 00 00 00 00 00 00 00 00 
00 00 00 00 00 00 00 00 00 00 00 00 00 00 00 00 
00 00 00 00 00 00 00 00 00 00 00 00 11 00 00 00 
11 00 00 00 f4 ff ff ff 00 00 00 00 00 00 00 00 
00 00 00 00 90 01 00 00 00 00 00 01 00 00 00 00 
53 00 65 00 58 f5 18 00 08 f4 18 00 55 00 49 00 
00 00 00 00 00 00 00 00 f8 f3 18 00 58 f5 18 00 
a8 03 04 73 08 f4 18 00 19 7d 88 75 1f 00 00 00 
1f 00 00 00 58 f5 18 00 18 f4 18 00 10 62 88 75 
30 02 8f 75 00 04 00 00 50 f4 18 00 c4 7d 88 75 
93 7d 88 75 36 aa 14 f6 58 f5 18 00 00 

00 22 be d4 00 00 00 00 71 ae 33 01 00 00 00 00 
ed 8c 2e 74 42 4e f3 54 

67 00 00 00 06 00 00 00 06 00 00 00 49 0f fe 33 
71 ae 33 01 00 00 00 00 00 00 00 00 00 00 00 00 
00 00 00 00 00 00 00 00 00 00 00 00 00 00 00 00 
00 00 00 00 00 00 00 00 00 00 00 00 00 00 00 00 
00 6f 5b dd 00 00 00 00 71 ae 33 01 00 00 00 00 
ed 8c 0d 74 2c 3a f3 47 fe ff ff ff 3c f1 18 00 
b2 0c 6a 00 f0 f5 18 00 ed 8c 0d 74 bc 3a f3 47 
fe ff ff ff 58 4c 0d 74 a0 0c 6a 00 a0 50 cb 05 
18 7c 02 03 9b 0d 25 9f 9b 0d 25 9f 0c 27 64 74 
58 6d 93 03 00 00 00 00 10 27 00 00 18 7c 02 03 
9e bc 5b 00 9c f7 18 00 dd bd 5b 00 20 74 6f 20 
29 17 00 00 6d 61 70 70 69 6e 67 73 20 3a 2c 20 
30 2c 20 31 00 39 2c 20 74 6f 20 65 6e 65 74 20 
00 00 00 00 00 00 00 00 00 00 00 00 00 00 00 00 
00 00 00 00 00 00 00 00 00 00 00 00 00 00 00 00 
00 00 00 00 00 00 00 00 00 00 00 00 00 00 00 00 
02 c7 0e 74 50 f2 18 00 08 6f fd 02 88 15 f5 02 
2f 2e 0d 74 00 f2 18 00 b4 f2 18 00 64 1a 0e 74 
0a 00 00 00 91 1a 0e 74 00 00 00 00 f8 1b 16 74 
63 20 0e 74 00 00 00 00 00 00 00 00 91 1a 0e 74 
00 00 00 00 90 f4 18 00 1c f5 18 00 2b 00 00 00 
08 6f fd 02 88 15 f5 02 d0 07 f5 02 01 00 00 00 
00 00 00 00 00 00 00 00 00 00 00 00 86 05 ac 02 
00 00 00 00 00 00 00 00 00 00 00 00 00 00 00 00 
46 00 00 00 f8 1b 16 74 04 f5 18 00 00 00 00 00 
01 00 00 00 00 00 00 00 