58 00 00 00 00 01 06 00 00 00 71 ae 33 01 00 00 
00 00 1e 00 1c af 64 03 a8 6e 49 06 00 64 00 00 
00 00 18 00 50 48 64 00 5d 48 64 00 00 00 00 00 
00 00 00 00 00 00 00 00 00 00 00 00 00 00 00 00 
00 00 00 00 00 00 00 00 00 00 00 00 00 00 00 00 
00 00 00 00 00 00 00 00 00 00 00 00 00 00 00 00 
00 00 00 00 00 00 00 00 00 00 00 00 00 00 00 00 
00 00 00 00 00 00 00 00 00 00 00 00 00 00 00 00 
00 00 00 00 00 00 00 00 00 00 00 00 00 00 00 00 
00 00 00 00 00 00 00 00 00 00 00 00 00 00 00 00 
00 00 00 00 00 11 00 00 00 ff ff ff ff ff ff ff 
ff 00 00 00 00 00 00 00 00 00 00 00 00 00 00 00 
00 00 00 00 00 00 00 00 00 00 00 00 00 00 00 00 
00 00 00 00 00 00 00 00 00 00 00 00 00 00 00 00 
00 00 00 00 00 00 00 00 00 00 00 00 00 00 00 00 
00 00 00 00 00 00 00 00 00 00 00 00 00 00 00 00 
00 00 00 00 00 00 00 00 00 00 00 00 00 00 00 00 
00 00 00 00 00 00 00 00 00 00 00 00 00 00 00 00 
00 00 00 00 00 00 00 00 00 00 00 00 00 00 00 00 
00 00 00 00 00 00 00 00 00 00 00 00 00 00 00 00 
00 00 00 00 ff ff ff ff ff ff ff ff ff ff ff ff 
00 00 00 00 00 00 00 00 00 00 00 00 00 00 00 00 
00 00 00 00 00 00 00 00 00 00 00 00 00 00 00 00 
00 00 00 00 00 00 00 00 00 00 00 00 00 00 00 00 
00 00 00 00 00 00 00 00 00 00 00 00 00 00 00 00 
00 00 00 00 00 00 00 00 00 00 00 00 00 00 00 00 
00 00 00 00 00 00 00 00 00 00 00 00 00 00 00 00 
00 00 00 00 00 00 00 00 00 00 00 00 00 00 00 00 
00 00 00 00 00 00 00 00 00 00 00 00 00 00 00 00 
00 00 00 00 00 00 00 00 00 00 00 00 00 00 00 00 
00 00 00 ff ff ff ff ff ff ff ff ff ff ff ff 00 
00 00 00 00 00 00 00 00 00 00 00 00 00 00 00 00 
00 00 00 00 00 00 00 00 00 00 00 00 00 00 00 00 
00 00 00 00 00 00 00 00 00 00 00 00 00 00 00 00 
00 00 00 00 00 00 00 00 00 00 00 00 00 00 00 00 
00 00 00 00 f5 f8 3a 77 c5 d0 ae 74 ac 02 00 00 
00 00 00 00 00 00 00 00 00 00 00 00 90 6c 18 00 
e0 01 44 05 00 fa 00 00 00 00 00 00 17 d1 ae 74 
54 9d 22 b7 24 6d 18 00 ac 02 00 00 00 00 00 00 
00 00 00 00 17 d1 ae 74 00 00 00 00 38 06 00 00 
00 00 ff ff ff ff ff ff ff ff ff ff ff ff 00 00 
00 00 00 00 00 00 00 00 00 00 00 00 00 00 78 76 
ac 02 00 00 e0 01 44 05 00 fa 00 00 24 6d 18 00 
2c 3f 78 76 f4 9c 22 b7 20 48 32 74 c0 02 00 00 
00 00 00 00 3c 6d 18 00 cc 6c 18 00 1c 9d 22 b7 
70 6d 18 00 0e 41 82 76 3c cf 42 c1 fe 00 ff ff 
2c 3f 78 76 b6 51 2c 74 ac 02 00 00 e0 01 44 05 
00 fa 00 00 24 6d 18 00 00 00 00 00 c0 02 00 00 
20 48 32 74 00 00 00 00 00 fa 00 00 38 06 00 00 
fe ff ff ff c0 02 00 00 20 48 32 74 00 00 00 00 
00 ff ff ff ff ff ff ff ff ff ff ff ff 00 00 00 
00 00 00 00 00 00 00 00 00 00 00 00 00 00 00 00 
d8 1c 32 74 98 00 00 00 0b 00 00 00 38 06 00 00 
18 00 00 00 00 00 00 00 8c 6d 18 00 75 04 2e 74 
84 6e 18 00 78 02 44 05 18 00 00 00 18 00 00 00 
d8 1c 32 74 c0 6d 18 00 d4 5b 2d 74 00 6e 18 00 
ff ff ff ff 78 02 44 05 18 00 00 00 50 34 87 04 
00 00 00 00 50 34 87 04 18 00 00 00 00 00 00 00 
c4 6d 18 00 ff 23 29 74 50 ae 30 05 08 6e 18 00 
a9 e5 29 74 1b 00 00 00 b1 5d 2d 74 00 00 00 00 
ff ff ff ff ff ff ff ff ff ff ff ff 00 00 00 00 
00 00 00 00 00 00 00 00 00 00 00 00 18 00 00 00 
d4 ec 18 00 ed 8c 29 74 da 49 09 c3 fe ff ff ff 
71 5d 2d 74 ca 5d 2d 74 84 6e 18 00 ff ff ff ff 
18 00 00 00 01 00 00 00 00 00 00 00 38 f8 42 05 
00 00 00 00 38 f8 42 05 01 00 00 00 d8 1c 32 74 
01 00 00 00 95 95 5e 00 18 00 00 00 00 00 00 00 
50 34 87 04 18 97 5d 00 00 00 00 00 b8 ec 18 00 
38 f8 42 05 92 9b 5d 00 50 34 87 04 f8 ec 18 00 
6c 9c 5d 00 d4 ec 18 01 b0 e9 42 00 00 00 00 ff 
ff ff ff ff ff ff ff ff ff ff ff 00 00 00 00 00 
00 00 00 00 00 00 00 00 00 00 00 44 76 2f 8b 43 
11 fa 37 44 ab 3e a7 40 e2 18 40 43 21 e0 72 43 
72 33 64 32 4d 65 73 68 02 00 02 00 6f 72 64 65 
72 53 68 6f 70 30 31 00 00 00 00 00 00 00 00 00 
00 00 00 00 00 00 00 00 00 00 00 00 00 00 00 00 
00 00 00 00 00 00 00 00 00 00 00 00 00 00 00 00 
00 00 00 00 00 00 00 00 00 00 00 00 00 00 00 00 
00 00 00 00 00 00 00 00 00 00 00 00 00 00 00 00 
00 00 00 00 00 00 00 00 00 00 00 00 00 00 ff ff 
ff ff ff ff ff ff ff ff ff ff 00 00 00 00 00 00 
00 00 00 00 00 00 00 00 00 00 00 00 08 00 00 00 
0c 00 00 00 01 00 00 00 00 00 00 00 00 00 00 00 
00 00 00 00 08 00 00 00 0c 00 00 00 01 00 00 00 
64 6f 18 00 64 fa 3b 77 22 f4 3b 77 40 00 00 00 
00 00 00 00 00 00 00 00 00 00 00 00 00 00 00 00 
00 00 00 00 00 00 00 00 00 00 00 00 00 00 00 00 
00 00 00 00 00 00 00 00 00 00 00 00 00 00 00 00 
00 00 00 00 00 00 00 00 00 00 00 00 a4 72 18 00 
00 00 00 00 bb a7 3c 77 60 00 00 00 00 ff ff ff 
ff ff ff ff ff ff ff ff ff 00 00 00 00 00 00 00 
00 00 00 00 00 00 00 00 00 00 00 00 00 00 02 00 
f4 6f 18 00 f4 6f 18 00 f4 6f 18 00 02 00 00 00 
02 00 00 00 00 00 00 00 05 00 00 00 00 00 00 00 
64 fa 3b 77 64 fa 3b 77 58 71 18 00 e1 f1 3b 77 
34 70 18 00 e8 71 18 00 00 73 18 00 4c f2 3b 77 
64 00 6f 00 77 00 73 00 00 00 80 00 b4 70 18 00 
53 00 78 00 64 fa 3b 77 00 00 00 00 00 00 00 00 
00 00 00 00 00 00 00 00 00 00 00 00 00 00 00 00 
00 00 00 00 18 00 1a 00 00 00 00 00 ff ff ff ff 
ff ff ff ff ff ff ff ff 00 00 00 00 00 00 00 00 
00 00 00 00 00 00 00 00 00 00 00 00 00 00 00 00 
00 00 00 00 00 00 00 00 00 00 00 00 00 00 00 00 
00 00 00 00 00 00 00 00 00 00 20 00 34 71 18 00 
34 71 18 00 34 71 18 00 20 00 00 00 20 00 00 00 
64 00 30 00 38 00 63 00 63 00 30 00 08 00 00 00 
f0 ec c2 02 00 00 c2 02 68 ed c2 02 66 00 63 00 
5c 00 4d 00 53 00 56 00 00 00 00 00 07 00 00 00 
c4 71 18 00 08 00 00 00 00 00 c2 02 f0 ec c2 02 
c4 71 18 00 74 3c 3c 00 00 00 00 ff ff ff ff ff 
ff ff ff ff ff ff ff 00 00 00 00 00 00 00 00 00 
00 00 00 00 00 00 00 02 3c 23 c2 02 80 48 49 77 
38 71 18 00 f9 f9 3b 77 e0 e4 c2 02 2c 23 c2 02 
10 3e ff ff f0 71 18 00 a0 01 49 77 00 00 00 00 
a4 71 18 00 6e fe 3b 77 f0 71 18 00 00 00 00 00 
f8 71 18 00 64 fa 00 77 2e 00 00 00 c8 e4 c2 02 
98 71 18 00 d6 fa 3b 77 01 00 00 00 ac 73 18 00 
64 fa 3b 77 f0 71 18 00 e0 71 18 00 fc 71 18 00 
00 00 00 00 00 00 00 00 00 00 00 00 e8 71 18 00 
ac 73 18 00 64 fa 00 00 00 00 ff ff ff ff 56 65 
72 73 69 6f 6e 20 31 2e 30 2e 30 2e 31 33 36 20 
5b 50 55 42 4c 49 43 5d 00 01 49 77 92 e1 3b 77 
58 00 3c 77 c8 c0 ce 24 01 00 00 00 f7 fc 3b 77 
00 00 00 00 34 00 00 00 40 00 00 00 74 73 18 00 
00 00 00 00 00 00 00 00 00 00 00 00 00 00 00 00 
01 00 00 00 a0 01 49 77 18 00 1a 00 c8 e4 c2 02 
00 23 c2 02 f0 71 18 00 85 48 3c 01 00 00 49 77 
00 00 00 00 f8 ec c2 02 00 00 00 00 12 02 00 00 
00 00 00 00 44 72 00 01 00 00 00 00 90 0c 00 00 
3c 72 01 01 37 94 27 b7 2c 76 18 00 50 48 64 00 
5d 48 64 00 50 72 18 00 54 2c 3c 77 14 ed c2 02 
00 00 00 00 00 00 00 00 64 72 18 00 59 92 af 74 
14 ed c2 02 00 00 00 00 c4 75 18 00 50 75 18 00 
69 9a af 74 70 00 00 00 00 00 00 00 00 00 00 00 
00 00 00 00 00 00 00 00 a4 9a af 74 18 00 00 00 
00 00 00 00 d8 72 18 00 40 00 00 00 00 00 43 4c 
41 53 53 49 43 00 00 00 00 00 00 00 00 00 00 00 
00 00 00 00 00 00 00 00 00 00 00 00 00 00 00 00 
00 00 00 00 00 00 00 00 00 00 00 00 00 00 00 00 
00 00 00 00 00 00 00 00 00 00 00 00 00 00 00 00 
00 00 00 00 00 00 00 00 00 00 00 00 00 00 00 00 
00 00 00 00 00 00 00 00 00 00 00 00 00 00 00 00 
00 00 00 00 00 00 00 00 00 00 00 00 00 00 00 00 
00 00 00 00 00 00 00 00 00 00 00 00 00 00 00 00 
00 00 00 00 00 00 00 00 00 00 00 00 00 00 00 00 
00 00 00 00 00 00 00 00 00 00 00 00 00 00 00 00 
00 00 00 00 00 00 00 00 00 00 00 00 00 00 00 00 
00 00 00 00 00 00 00 00 00 00 00 00 00 00 00 00 
00 00 00 00 00 00 00 00 00 00 00 00 00 00 00 00 
00 00 00 00 00 00 00 00 00 00 00 00 00 00 00 00 
00 00 00 00 00 00 00 00 00 00 00 00 00 00 00 00 
00 00 00 00 00 00 00 00 00 00 00 00 00 00 00 00 
00 00 00 00 00 00 00 00 00 00 00 00 00 00 00 00 
00 00 00 00 00 00 00 00 00 00 00 00 00 00 00 00 
00 00 00 00 00 00 00 00 00 00 00 00 00 00 00 00 
00 00 00 00 00 00 00 00 00 00 00 00 00 00 00 00 
00 00 00 00 00 00 00 00 00 00 00 00 00 00 00 00 
00 00 00 00 00 00 00 00 00 00 00 00 00 00 00 00 
00 00 00 00 00 00 00 00 00 00 00 00 00 00 00 00 
00 00 00 00 00 00 00 00 00 00 00 00 00 00 00 00 
00 00 00 00 00 00 00 00 00 00 00 00 00 00 00 00 
00 00 00 00 00 00 00 00 00 00 00 00 00 00 00 00 
00 00 00 00 00 00 00 00 00 00 00 00 00 00 00 00 
00 00 00 00 00 00 00 00 00 00 00 00 00 00 00 00 
00 00 00 00 00 00 00 00 00 00 00 00 00 00 00 00 
00 00 00 00 00 00 00 00 00 00 00 00 00 00 00 00 
00 00 00 00 00 00 00 00 00 00 00 00 00 00 00 00 
00 00 00 00 00 00 00 00 00 00 00 00 00 00 00 00 
00 00 00 00 00 00 00 00 00 00 00 00 00 00 00 00 
00 00 00 00 00 00 00 00 00 00 00 00 00 00 00 00 
00 00 00 00 00 00 00 00 00 00 00 00 00 00 00 00 
00 00 00 00 00 00 00 00 00 00 00 00 00 00 00 00 
00 00 00 00 00 00 00 00 00 00 00 00 00 00 00 00 
00 00 00 00 00 00 00 00 00 00 00 00 00 00 00 00 
00 00 00 00 00 00 00 00 00 00 00 00 00 00 00 00 
00 00 00 00 00 00 00 00 00 00 00 00 00 00 00 00 
00 00 00 00 00 00 00 00 00 00 00 00 00 00 00 00 
00 00 00 00 00 00 00 00 00 00 00 00 00 00 00 00 
00 00 00 00 00 00 00 00 00 00 00 00 00 00 00 00 
00 00 00 00 00 00 00 00 00 00 00 00 00 00 00 00 
00 00 00 00 00 00 00 00 00 00 00 00 00 00 00 00 
00 00 00 00 00 00 00 00 00 00 00 00 00 00 00 00 
00 00 00 00 00 00 00 00 00 00 00 00 00 00 00 00 
00 00 00 00 00 00 00 00 00 00 00 00 00 00 00 00 
00 00 00 00 00 00 00 00 00 00 00 00 00 00 00 00 
00 00 00 00 00 00 00 00 00 00 00 00 00 00 00 00 
00 00 00 00 00 00 00 00 00 00 00 00 00 00 00 00 
00 00 00 00 00 00 00 00 00 00 00 00 00 00 00 00 
00 00 00 00 00 00 00 00 00 00 00 00 00 00 00 00 
00 00 00 00 00 00 00 00 00 00 00 00 00 00 00 00 
00 00 00 00 00 00 00 00 00 00 00 00 00 00 00 00 
00 00 00 00 00 00 00 00 00 00 00 00 00 00 00 00 
00 00 00 00 00 00 00 00 00 00 00 00 00 00 00 00 
00 00 00 00 00 00 00 00 00 00 00 00 00 00 00 00 
00 00 00 00 00 00 00 00 00 00 00 00 00 00 00 00 
00 00 00 00 00 00 00 00 00 00 00 00 00 00 00 00 
00 00 00 00 00 00 00 00 00 00 00 00 00 00 00 00 
00 00 00 00 00 00 00 00 00 00 00 00 00 00 00 00 
00 00 00 00 00 00 00 00 00 00 00 00 00 00 00 00 
00 00 00 00 00 00 00 00 00 00 00 00 00 00 00 00 
00 00 00 00 00 00 00 00 00 00 00 00 00 00 00 00 
00 00 00 00 00 00 00 00 00 00 00 00 00 00 00 00 
00 00 00 00 00 00 00 00 00 00 00 00 00 00 00 00 
00 00 00 00 00 00 00 00 00 00 00 00 00 00 00 00 
00 00 00 00 00 00 00 00 00 00 00 00 00 00 00 00 
00 00 00 00 00 00 00 00 00 00 00 00 00 00 00 00 
00 00 00 00 00 00 00 00 00 00 00 00 00 00 00 00 
00 00 00 00 00 00 00 00 00 00 00 00 00 00 00 00 
00 00 00 00 00 00 00 00 00 00 00 00 00 00 00 00 
00 00 00 00 00 00 00 00 00 00 00 00 00 00 00 00 
00 00 00 00 00 00 00 00 00 00 00 00 00 00 00 00 
00 00 00 00 00 00 00 00 00 00 00 00 00 00 00 00 
00 00 00 00 00 00 00 00 00 00 00 00 00 00 00 00 
00 00 00 00 00 00 00 00 00 00 00 00 00 00 00 00 
00 00 00 00 00 00 00 00 00 00 00 00 00 00 00 00 
00 00 00 00 00 00 00 00 00 00 00 00 00 00 00 00 
00 00 00 00 00 00 00 00 00 00 00 00 00 00 00 00 
00 00 00 00 00 00 00 00 00 00 00 00 00 00 00 00 
00 00 00 00 00 00 00 00 00 00 00 00 00 00 00 00 
00 00 00 00 00 00 00 00 00 00 00 00 00 00 00 00 
00 00 00 00 00 00 00 00 00 00 00 00 00 00 00 00 
00 00 00 00 00 00 00 00 00 00 00 00 00 00 00 00 
00 00 00 00 00 00 00 00 00 00 00 00 00 00 00 00 
00 00 00 00 00 00 00 00 00 00 00 00 00 00 00 00 
00 00 00 00 00 00 00 00 00 00 00 00 00 00 00 00 
00 00 00 00 00 00 00 00 00 00 00 00 00 00 00 00 
00 00 00 00 00 00 00 00 00 00 00 00 00 00 00 00 
00 00 00 00 00 00 00 00 00 00 00 00 00 00 00 00 
00 00 00 00 00 00 00 00 00 00 00 00 00 00 00 00 
00 00 00 00 00 00 00 00 00 00 00 00 00 00 00 00 
00 00 00 00 00 00 00 00 00 00 00 00 00 00 00 00 
00 00 00 00 00 00 00 00 00 00 00 00 00 00 00 00 
00 00 00 00 00 00 00 00 00 00 00 00 00 00 00 00 
00 00 00 00 00 00 00 00 00 00 00 00 00 00 00 00 
00 00 00 00 00 00 00 00 00 00 00 00 00 00 00 00 
00 00 00 00 00 00 00 00 00 00 00 00 00 00 00 00 
00 00 00 00 00 00 00 00 00 00 00 00 00 00 00 00 
00 00 00 00 00 00 00 00 00 00 00 00 00 00 00 00 
00 00 00 00 00 00 00 00 00 00 00 00 00 00 00 00 
00 00 00 00 00 00 00 00 00 00 00 00 00 00 00 00 
00 00 00 00 00 00 00 00 00 00 00 00 00 00 00 00 
00 00 00 00 00 00 00 00 00 00 00 00 00 00 00 00 
00 00 00 00 00 00 00 00 00 00 00 00 00 00 00 00 
00 00 00 00 00 00 00 00 00 00 00 00 00 00 00 00 
00 00 00 00 00 00 00 00 00 00 00 00 00 00 00 00 
00 00 00 00 00 00 00 00 00 00 00 00 00 00 00 00 
00 00 00 00 00 00 00 00 00 00 00 00 00 00 00 00 
00 00 00 00 00 00 00 00 00 00 00 00 00 00 00 00 
00 00 00 00 00 00 00 00 00 00 00 00 00 00 00 00 
00 00 00 00 00 00 00 00 00 00 00 00 00 00 00 00 
00 00 00 00 00 00 00 00 00 00 00 00 00 00 00 00 
00 00 00 00 00 00 00 00 00 00 00 00 00 00 00 00 
00 00 00 00 00 00 00 00 00 00 00 00 00 00 00 00 
00 00 00 00 00 00 00 00 00 00 00 00 00 00 00 00 
00 00 00 00 00 00 00 00 00 00 00 00 00 00 00 00 
00 00 00 00 00 00 00 00 00 00 00 00 00 00 00 00 
00 00 00 00 00 00 00 00 00 00 00 00 00 00 00 00 
00 00 00 00 00 00 00 00 00 00 00 00 00 00 00 00 
00 00 00 00 00 00 00 00 00 00 00 00 00 00 00 00 
00 00 00 00 00 00 00 00 00 00 00 00 00 00 00 00 
00 00 00 00 00 00 00 00 00 00 00 00 00 00 00 00 
00 00 00 00 00 00 00 00 00 00 00 00 00 00 00 00 
00 00 00 00 00 00 00 00 00 00 00 00 00 00 00 00 
00 00 00 00 00 00 00 00 00 00 00 00 00 00 00 00 
00 00 00 00 00 00 00 00 00 00 00 00 00 00 00 00 
00 00 00 00 00 00 00 00 00 00 00 00 00 00 00 00 
00 00 00 00 00 00 00 00 00 00 00 00 00 00 00 00 
00 00 00 00 00 00 00 00 00 00 00 00 00 00 00 00 
00 00 00 00 00 00 00 00 00 00 00 00 00 00 00 00 
00 00 00 00 00 00 00 00 00 00 00 00 00 00 00 00 
00 00 00 00 00 00 00 00 00 00 00 00 00 00 00 00 
00 00 00 00 00 00 00 00 00 00 00 00 00 00 00 00 
00 00 00 00 00 00 00 00 00 00 00 00 00 00 00 00 
00 00 00 00 00 00 00 00 00 00 00 00 00 00 00 00 
00 00 00 00 00 00 00 00 00 00 00 00 00 00 00 00 
00 00 00 00 00 00 00 00 00 00 00 00 00 00 e0 e2 
a0 

67 00 00 00 06 00 00 00 06 00 00 00 17 17 27 b7 
71 ae 33 01 00 00 00 00 00 00 00 00 00 00 00 00 
00 00 00 00 00 00 00 00 00 00 00 00 00 00 00 00 
00 00 00 00 00 00 00 00 00 00 00 00 00 00 00 00 
00 3d 6b 99 00 00 00 00 71 ae 33 01 00 00 00 00 
ed 8c 29 74 ea 58 09 c3 fe ff ff ff 3c f1 18 00 
b2 0c 6a 00 f0 f5 18 00 ed 8c 29 74 7a 58 09 c3 
fe ff ff ff 58 4c 29 74 a0 0c 6a 00 38 12 b3 05 
e0 7d 0f 03 3d ac 9f 53 3d ac 9f 53 0c 27 92 74 
f6 64 c6 03 00 00 00 00 10 27 00 00 e0 7d 0f 03 
9e bc 5b 00 9c f7 18 00 dd bd 5b 00 20 74 6f 20 
72 18 00 00 6d 61 70 70 69 6e 67 73 20 3a 2c 20 
30 2c 20 31 00 39 2c 20 74 6f 20 65 6e 65 74 20 
00 00 00 00 00 00 00 00 00 00 00 00 00 00 00 00 
00 00 00 00 00 00 00 00 00 00 00 00 00 00 00 00 
00 00 00 00 00 00 00 00 00 00 00 00 00 00 00 00 
02 c7 2a 74 50 f2 18 00 88 76 0a 03 98 15 3f 00 
2f 2e 29 74 00 f2 18 00 b4 f2 18 00 64 1a 2a 74 
0a 00 00 00 91 1a 2a 74 00 00 00 00 f8 1b 32 74 
63 20 2a 74 00 00 00 00 00 00 00 00 91 1a 2a 74 
00 00 00 00 90 f4 18 00 1c f5 18 00 2b 00 00 00 
88 76 0a 03 98 15 3f 00 d0 07 3f 00 01 00 00 00 
00 00 00 00 00 00 00 00 00 00 00 00 86 05 ac 02 
00 00 00 00 00 00 00 00 00 00 00 00 00 00 00 00 
46 00 00 00 f8 1b 32 74 04 f5 18 00 00 00 00 00 
01 00 00 00 00 00 00 00 