58 00 00 00 00 01 06 00 00 00 71 ae 33 01 00 00 
00 00 1e 00 1c af 64 03 a8 6e 49 06 00 64 00 00 
00 00 18 00 50 48 64 00 5d 48 64 00 00 00 00 00 
00 00 00 00 00 00 00 00 00 00 00 00 00 00 00 00 
00 00 00 00 00 00 00 00 00 00 00 00 00 00 00 00 
00 00 00 00 00 00 00 00 00 00 00 00 00 00 00 00 
00 00 00 00 00 00 00 00 00 00 00 00 00 00 00 00 
00 00 00 00 00 00 00 00 00 00 00 00 00 00 00 00 
00 00 00 00 00 00 00 00 00 00 00 00 00 00 00 00 
00 00 00 00 00 00 00 00 00 00 00 00 00 00 00 00 
00 00 00 00 00 11 00 00 00 ff ff ff ff ff ff ff 
ff 01 00 94 20 4d 06 95 86 5e 06 01 c8 00 00 00 
43 68 6f 67 61 74 68 00 00 00 00 00 00 00 00 00 
00 00 00 00 00 00 00 00 00 00 00 00 00 00 00 00 
00 00 00 00 00 00 00 00 00 00 00 00 00 00 00 00 
00 00 00 00 00 00 00 00 00 00 00 00 00 00 00 00 
43 68 6f 67 61 74 68 00 00 00 00 00 00 00 00 00 
00 00 00 00 00 00 00 00 00 00 00 00 00 00 00 00 
00 00 00 00 00 00 00 00 00 00 00 00 00 00 00 00 
00 00 00 00 00 00 00 00 00 00 00 00 00 00 00 00 
00 00 00 00 ff ff ff ff ff ff ff ff ff ff ff ff 
00 00 00 00 00 00 00 00 00 00 00 00 00 00 00 00 
00 00 00 00 00 00 00 00 00 00 00 00 00 00 00 00 
00 00 00 00 00 00 00 00 00 00 00 00 00 00 00 00 
00 00 00 00 00 00 00 00 00 00 00 00 00 00 00 00 
00 00 00 00 00 00 00 00 00 00 00 00 00 00 00 00 
00 00 00 00 00 00 00 00 00 00 00 00 00 00 00 00 
00 00 00 00 00 00 00 00 00 00 00 00 00 00 00 00 
00 00 00 00 00 00 00 00 00 00 00 00 00 00 00 00 
00 00 00 00 00 00 00 00 00 00 00 00 00 00 00 00 
00 00 00 ff ff ff ff ff ff ff ff ff ff ff ff 00 
00 00 00 00 00 00 00 00 00 00 00 00 00 00 00 00 
00 00 00 00 00 00 00 00 00 00 00 00 00 00 00 00 
00 00 00 00 00 00 00 00 00 00 00 00 00 00 00 00 
00 00 00 00 00 00 00 00 00 00 00 00 00 00 00 00 
00 00 00 00 f5 f8 e6 77 48 d3 90 75 ac 02 00 00 
00 00 00 00 00 00 00 00 00 00 00 00 90 6c 18 00 
30 4d 4b 05 00 fa 00 00 00 00 00 00 9a d3 90 75 
72 f4 2f f3 24 6d 18 00 ac 02 00 00 00 00 00 00 
00 00 00 00 9a d3 90 75 00 00 00 00 38 06 00 00 
00 00 ff ff ff ff ff ff ff ff ff ff ff ff 00 00 
00 00 00 00 00 00 00 00 00 00 00 00 00 00 14 76 
ac 02 00 00 30 4d 4b 05 00 fa 00 00 24 6d 18 00 
fc 3e 14 76 56 f4 2f f3 20 48 89 74 c0 02 00 00 
00 00 00 00 3c 6d 18 00 cc 6c 18 00 be f5 2f f3 
70 6d 18 00 e5 40 1e 76 ae a7 23 85 fe 00 ff ff 
fc 3e 14 76 b6 51 83 74 ac 02 00 00 30 4d 4b 05 
00 fa 00 00 24 6d 18 00 00 00 00 00 c0 02 00 00 
20 48 89 74 00 00 00 00 00 fa 00 00 38 06 00 00 
fe ff ff ff c0 02 00 00 20 48 89 74 00 00 00 00 
00 ff ff ff ff ff ff ff ff ff ff ff ff 00 00 00 
00 00 00 00 00 00 00 00 00 00 00 00 00 00 00 00 
d8 1c 89 74 98 00 00 00 0b 00 00 00 38 06 00 00 
18 00 00 00 00 00 00 00 8c 6d 18 00 75 04 85 74 
84 6e 18 00 c8 4d 4b 05 18 00 00 00 18 00 00 00 
d8 1c 89 74 c0 6d 18 00 d4 5b 84 74 00 6e 18 00 
ff ff ff ff c8 4d 4b 05 18 00 00 00 78 c5 33 05 
00 00 00 00 78 c5 33 05 18 00 00 00 00 00 00 00 
c4 6d 18 00 ff 23 80 74 d8 f0 b0 04 08 6e 18 00 
a9 e5 80 74 1b 00 00 00 b1 5d 84 74 00 00 00 00 
ff ff ff ff ff ff ff ff ff ff ff ff 00 00 00 00 
00 00 00 00 00 00 00 00 00 00 00 00 18 00 00 00 
d4 ec 18 00 ed 8c 80 74 fd d8 b8 87 fe ff ff ff 
71 5d 84 74 ca 5d 84 74 84 6e 18 00 ff ff ff ff 
18 00 00 00 01 00 00 00 00 00 00 00 88 43 4a 05 
00 00 00 00 88 43 4a 05 01 00 00 00 d8 1c 89 74 
01 00 00 00 95 95 5e 00 18 00 00 00 00 00 00 00 
78 c5 33 05 18 97 5d 00 00 00 00 00 b8 ec 18 00 
88 43 4a 05 92 9b 5d 00 78 c5 33 05 f8 ec 18 00 
6c 9c 5d 00 d4 ec 18 01 00 35 4a 00 00 00 00 ff 
ff ff ff ff ff ff ff ff ff ff ff 00 00 00 00 00 
00 00 00 00 00 00 00 00 00 00 00 44 76 2f 8b 43 
11 fa 37 44 ab 3e a7 40 e2 18 40 43 21 e0 72 43 
72 33 64 32 4d 65 73 68 02 00 02 00 6f 72 64 65 
72 53 68 6f 70 30 31 00 00 00 00 00 00 00 00 00 
00 00 00 00 00 00 00 00 00 00 00 00 00 00 00 00 
00 00 00 00 00 00 00 00 00 00 00 00 00 00 00 00 
00 00 00 00 00 00 00 00 00 00 00 00 00 00 00 00 
00 00 00 00 00 00 00 00 00 00 00 00 00 00 00 00 
00 00 00 00 00 00 00 00 00 00 00 00 00 00 ff ff 
ff ff ff ff ff ff ff ff ff ff 00 00 00 00 00 00 
00 00 00 00 00 00 00 00 00 00 00 00 08 00 00 00 
0c 00 00 00 01 00 00 00 00 00 00 00 00 00 00 00 
00 00 00 00 08 00 00 00 0c 00 00 00 01 00 00 00 
64 6f 18 00 64 fa e7 77 22 f4 e7 77 40 00 00 00 
00 00 00 00 00 00 00 00 00 00 00 00 00 00 00 00 
00 00 00 00 00 00 00 00 00 00 00 00 00 00 00 00 
00 00 00 00 00 00 00 00 00 00 00 00 00 00 00 00 
00 00 00 00 00 00 00 00 00 00 00 00 a4 72 18 00 
00 00 00 00 bb a7 e8 77 50 00 00 00 00 ff ff ff 
ff ff ff ff ff ff ff ff ff 00 00 00 00 00 00 00 
00 00 00 00 00 00 00 00 00 00 00 00 00 00 02 00 
f4 6f 18 00 f4 6f 18 00 f4 6f 18 00 02 00 00 00 
02 00 00 00 00 00 00 00 05 00 00 00 00 00 00 00 
64 fa e7 77 64 fa e7 77 58 71 18 00 e1 f1 e7 77 
34 70 18 00 e8 71 18 00 00 73 18 00 4c f2 e7 77 
64 00 6f 00 77 00 73 00 00 00 80 00 b4 70 18 00 
53 00 78 00 64 fa e7 77 00 00 00 00 00 00 00 00 
00 00 00 00 00 00 00 00 00 00 00 00 00 00 00 00 
00 00 00 00 18 00 1a 00 00 00 00 00 ff ff ff ff 
ff ff ff ff ff ff ff ff 00 00 00 00 00 00 00 00 
00 00 00 00 00 00 00 00 00 00 00 00 00 00 00 00 
00 00 00 00 00 00 00 00 00 00 00 00 00 00 00 00 
00 00 00 00 00 00 00 00 00 00 20 00 34 71 18 00 
34 71 18 00 34 71 18 00 20 00 00 00 20 00 00 00 
64 00 30 00 38 00 63 00 63 00 30 00 08 00 00 00 
e0 ec f9 02 00 00 f9 02 58 ed f9 02 66 00 63 00 
5c 00 4d 00 53 00 56 00 00 00 00 00 07 00 00 00 
c4 71 18 00 08 00 00 00 00 00 f9 02 e0 ec f9 02 
c4 71 18 00 74 3c e8 00 00 00 00 ff ff ff ff ff 
ff ff ff ff ff ff ff 00 00 00 00 00 00 00 00 00 
00 00 00 00 00 00 00 02 3c 23 f9 02 80 48 f5 77 
38 71 18 00 f9 f9 e7 77 a8 e4 f9 02 2c 23 f9 02 
48 3e ff ff f0 71 18 00 a0 01 f5 77 00 00 00 00 
a4 71 18 00 6e fe e7 77 f0 71 18 00 00 00 00 00 
f8 71 18 00 64 fa 00 77 2e 00 00 00 90 e4 f9 02 
98 71 18 00 d6 fa e7 77 01 00 00 00 ac 73 18 00 
64 fa e7 77 f0 71 18 00 e0 71 18 00 fc 71 18 00 
00 00 00 00 00 00 00 00 00 00 00 00 e8 71 18 00 
ac 73 18 00 64 fa 00 00 00 00 ff ff ff ff 56 65 
72 73 69 6f 6e 20 31 2e 30 2e 30 2e 31 33 36 20 
5b 50 55 42 4c 49 43 5d 00 01 f5 77 92 e1 e7 77 
58 00 e8 77 c8 74 de c3 01 00 00 00 f7 fc e7 77 
00 00 00 00 34 00 00 00 40 00 00 00 74 73 18 00 
00 00 00 00 00 00 00 00 00 00 00 00 00 00 00 00 
01 00 00 00 a0 01 f5 77 18 00 1a 00 90 e4 f9 02 
00 23 f9 02 f0 71 18 00 85 48 e8 01 00 00 f5 77 
00 00 00 00 e8 ec f9 02 00 00 00 00 14 02 00 00 
00 00 00 00 44 72 00 01 00 00 00 00 a0 0c 00 00 
3c 72 01 01 34 b9 2f f3 2c 76 18 00 50 48 64 00 
5d 48 64 00 50 72 18 00 54 2c e8 77 04 ed f9 02 
00 00 00 00 00 00 00 00 64 72 18 00 c3 97 91 75 
04 ed f9 02 00 00 00 00 c4 75 18 00 50 75 18 00 
d3 9f 91 75 70 00 00 00 00 00 00 00 00 00 00 00 
00 00 00 00 00 00 00 00 0e a0 91 75 18 00 00 00 
00 00 00 00 d8 72 18 00 40 00 00 00 00 00 43 4c 
41 53 53 49 43 00 00 00 00 00 00 00 00 00 00 00 
00 00 00 00 00 00 00 00 00 00 00 00 00 00 00 00 
00 00 00 00 00 00 00 00 00 00 00 00 00 00 00 00 
00 00 00 00 00 00 00 00 00 00 00 00 00 00 00 00 
00 00 00 00 00 00 00 00 00 00 00 00 00 00 00 00 
00 00 00 00 00 00 00 00 00 00 00 00 00 00 00 00 
00 00 00 00 00 00 00 00 00 00 00 00 00 00 00 00 
00 00 00 00 00 00 00 00 00 00 00 00 00 00 00 00 
00 00 00 00 00 00 00 00 00 00 00 00 00 00 00 00 
00 00 00 00 00 00 00 00 00 00 00 00 00 00 00 00 
00 00 00 00 00 00 00 00 00 00 00 00 00 00 00 00 
00 00 00 00 00 00 00 00 00 00 00 00 00 00 00 00 
00 00 00 00 00 00 00 00 00 00 00 00 00 00 00 00 
00 00 00 00 00 00 00 00 00 00 00 00 00 00 00 00 
00 00 00 00 00 00 00 00 00 00 00 00 00 00 00 00 
00 00 00 00 00 00 00 00 00 00 00 00 00 00 00 00 
00 00 00 00 00 00 00 00 00 00 00 00 00 00 00 00 
00 00 00 00 00 00 00 00 00 00 00 00 00 00 00 00 
00 00 00 00 00 00 00 00 00 00 00 00 00 00 00 00 
00 00 00 00 00 00 00 00 00 00 00 00 00 00 00 00 
00 00 00 00 00 00 00 00 00 00 00 00 00 00 00 00 
00 00 00 00 00 00 00 00 00 00 00 00 00 00 00 00 
00 00 00 00 00 00 00 00 00 00 00 00 00 00 00 00 
00 00 00 00 00 00 00 00 00 00 00 00 00 00 00 00 
00 00 00 00 00 00 00 00 00 00 00 00 00 00 00 00 
00 00 00 00 00 00 00 00 00 00 00 00 00 00 00 00 
00 00 00 00 00 00 00 00 00 00 00 00 00 00 00 00 
00 00 00 00 00 00 00 00 00 00 00 00 00 00 00 00 
00 00 00 00 00 00 00 00 00 00 00 00 00 00 00 00 
00 00 00 00 00 00 00 00 00 00 00 00 00 00 00 00 
00 00 00 00 00 00 00 00 00 00 00 00 00 00 00 00 
00 00 00 00 00 00 00 00 00 00 00 00 00 00 00 00 
00 00 00 00 00 00 00 00 00 00 00 00 00 00 00 00 
00 00 00 00 00 00 00 00 00 00 00 00 00 00 00 00 
00 00 00 00 00 00 00 00 00 00 00 00 00 00 00 00 
00 00 00 00 00 00 00 00 00 00 00 00 00 00 00 00 
00 00 00 00 00 00 00 00 00 00 00 00 00 00 00 00 
00 00 00 00 00 00 00 00 00 00 00 00 00 00 00 00 
00 00 00 00 00 00 00 00 00 00 00 00 00 00 00 00 
00 00 00 00 00 00 00 00 00 00 00 00 00 00 00 00 
00 00 00 00 00 00 00 00 00 00 00 00 00 00 00 00 
00 00 00 00 00 00 00 00 00 00 00 00 00 00 00 00 
00 00 00 00 00 00 00 00 00 00 00 00 00 00 00 00 
00 00 00 00 00 00 00 00 00 00 00 00 00 00 00 00 
00 00 00 00 00 00 00 00 00 00 00 00 00 00 00 00 
00 00 00 00 00 00 00 00 00 00 00 00 00 00 00 00 
00 00 00 00 00 00 00 00 00 00 00 00 00 00 00 00 
00 00 00 00 00 00 00 00 00 00 00 00 00 00 00 00 
00 00 00 00 00 00 00 00 00 00 00 00 00 00 00 00 
00 00 00 00 00 00 00 00 00 00 00 00 00 00 00 00 
00 00 00 00 00 00 00 00 00 00 00 00 00 00 00 00 
00 00 00 00 00 00 00 00 00 00 00 00 00 00 00 00 
00 00 00 00 00 00 00 00 00 00 00 00 00 00 00 00 
00 00 00 00 00 00 00 00 00 00 00 00 00 00 00 00 
00 00 00 00 00 00 00 00 00 00 00 00 00 00 00 00 
00 00 00 00 00 00 00 00 00 00 00 00 00 00 00 00 
00 00 00 00 00 00 00 00 00 00 00 00 00 00 00 00 
00 00 00 00 00 00 00 00 00 00 00 00 00 00 00 00 
00 00 00 00 00 00 00 00 00 00 00 00 00 00 00 00 
00 00 00 00 00 00 00 00 00 00 00 00 00 00 00 00 
00 00 00 00 00 00 00 00 00 00 00 00 00 00 00 00 
00 00 00 00 00 00 00 00 00 00 00 00 00 00 00 00 
00 00 00 00 00 00 00 00 00 00 00 00 00 00 00 00 
00 00 00 00 00 00 00 00 00 00 00 00 00 00 00 00 
00 00 00 00 00 00 00 00 00 00 00 00 00 00 00 00 
00 00 00 00 00 00 00 00 00 00 00 00 00 00 00 00 
00 00 00 00 00 00 00 00 00 00 00 00 00 00 00 00 
00 00 00 00 00 00 00 00 00 00 00 00 00 00 00 00 
00 00 00 00 00 00 00 00 00 00 00 00 00 00 00 00 
00 00 00 00 00 00 00 00 00 00 00 00 00 00 00 00 
00 00 00 00 00 00 00 00 00 00 00 00 00 00 00 00 
00 00 00 00 00 00 00 00 00 00 00 00 00 00 00 00 
00 00 00 00 00 00 00 00 00 00 00 00 00 00 00 00 
00 00 00 00 00 00 00 00 00 00 00 00 00 00 00 00 
00 00 00 00 00 00 00 00 00 00 00 00 00 00 00 00 
00 00 00 00 00 00 00 00 00 00 00 00 00 00 00 00 
00 00 00 00 00 00 00 00 00 00 00 00 00 00 00 00 
00 00 00 00 00 00 00 00 00 00 00 00 00 00 00 00 
00 00 00 00 00 00 00 00 00 00 00 00 00 00 00 00 
00 00 00 00 00 00 00 00 00 00 00 00 00 00 00 00 
00 00 00 00 00 00 00 00 00 00 00 00 00 00 00 00 
00 00 00 00 00 00 00 00 00 00 00 00 00 00 00 00 
00 00 00 00 00 00 00 00 00 00 00 00 00 00 00 00 
00 00 00 00 00 00 00 00 00 00 00 00 00 00 00 00 
00 00 00 00 00 00 00 00 00 00 00 00 00 00 00 00 
00 00 00 00 00 00 00 00 00 00 00 00 00 00 00 00 
00 00 00 00 00 00 00 00 00 00 00 00 00 00 00 00 
00 00 00 00 00 00 00 00 00 00 00 00 00 00 00 00 
00 00 00 00 00 00 00 00 00 00 00 00 00 00 00 00 
00 00 00 00 00 00 00 00 00 00 00 00 00 00 00 00 
00 00 00 00 00 00 00 00 00 00 00 00 00 00 00 00 
00 00 00 00 00 00 00 00 00 00 00 00 00 00 00 00 
00 00 00 00 00 00 00 00 00 00 00 00 00 00 00 00 
00 00 00 00 00 00 00 00 00 00 00 00 00 00 00 00 
00 00 00 00 00 00 00 00 00 00 00 00 00 00 00 00 
00 00 00 00 00 00 00 00 00 00 00 00 00 00 00 00 
00 00 00 00 00 00 00 00 00 00 00 00 00 00 00 00 
00 00 00 00 00 00 00 00 00 00 00 00 00 00 00 00 
00 00 00 00 00 00 00 00 00 00 00 00 00 00 00 00 
00 00 00 00 00 00 00 00 00 00 00 00 00 00 00 00 
00 00 00 00 00 00 00 00 00 00 00 00 00 00 00 00 
00 00 00 00 00 00 00 00 00 00 00 00 00 00 00 00 
00 00 00 00 00 00 00 00 00 00 00 00 00 00 00 00 
00 00 00 00 00 00 00 00 00 00 00 00 00 00 00 00 
00 00 00 00 00 00 00 00 00 00 00 00 00 00 00 00 
00 00 00 00 00 00 00 00 00 00 00 00 00 00 00 00 
00 00 00 00 00 00 00 00 00 00 00 00 00 00 00 00 
00 00 00 00 00 00 00 00 00 00 00 00 00 00 00 00 
00 00 00 00 00 00 00 00 00 00 00 00 00 00 00 00 
00 00 00 00 00 00 00 00 00 00 00 00 00 00 00 00 
00 00 00 00 00 00 00 00 00 00 00 00 00 00 00 00 
00 00 00 00 00 00 00 00 00 00 00 00 00 00 00 00 
00 00 00 00 00 00 00 00 00 00 00 00 00 00 00 00 
00 00 00 00 00 00 00 00 00 00 00 00 00 00 00 00 
00 00 00 00 00 00 00 00 00 00 00 00 00 00 00 00 
00 00 00 00 00 00 00 00 00 00 00 00 00 00 00 00 
00 00 00 00 00 00 00 00 00 00 00 00 00 00 00 00 
00 00 00 00 00 00 00 00 00 00 00 00 00 00 00 00 
00 00 00 00 00 00 00 00 00 00 00 00 00 00 00 00 
00 00 00 00 00 00 00 00 00 00 00 00 00 00 00 00 
00 00 00 00 00 00 00 00 00 00 00 00 00 00 00 00 
00 00 00 00 00 00 00 00 00 00 00 00 00 00 00 00 
00 00 00 00 00 00 00 00 00 00 00 00 00 00 00 00 
00 00 00 00 00 00 00 00 00 00 00 00 00 00 00 00 
00 00 00 00 00 00 00 00 00 00 00 00 00 00 00 00 
00 00 00 00 00 00 00 00 00 00 00 00 00 00 00 00 
00 00 00 00 00 00 00 00 00 00 00 00 00 00 00 00 
00 00 00 00 00 00 00 00 00 00 00 00 00 00 00 00 
00 00 00 00 00 00 00 00 00 00 00 00 00 00 00 00 
00 00 00 00 00 00 00 00 00 00 00 00 00 00 00 00 
00 00 00 00 00 00 00 00 00 00 00 00 00 00 00 00 
00 00 00 00 00 00 00 00 00 00 00 00 00 00 00 00 
00 00 00 00 00 00 00 00 00 00 00 00 00 00 00 00 
00 00 00 00 00 00 00 00 00 00 00 00 00 00 00 00 
00 00 00 00 00 00 00 00 00 00 00 00 00 00 00 00 
00 00 00 00 00 00 00 00 00 00 00 00 00 00 00 00 
00 00 00 00 00 00 00 00 00 00 00 00 00 00 00 00 
00 00 00 00 00 00 00 00 00 00 00 00 00 00 00 00 
00 00 00 00 00 00 00 00 00 00 00 00 00 00 00 00 
00 00 00 00 00 00 00 00 00 00 00 00 00 00 e0 e2 
a0 

67 00 00 00 06 00 00 00 06 00 00 00 14 3a 2f f3 
71 ae 33 01 00 00 00 00 00 00 00 00 00 00 00 00 
00 00 00 00 00 00 00 00 00 00 00 00 00 00 00 00 
00 00 00 00 00 00 00 00 00 00 00 00 00 00 00 00 
00 6b d3 e3 00 00 00 00 71 ae 33 01 00 00 00 00 
ed 8c 80 74 cd c9 b8 87 fe ff ff ff 3c f1 18 00 
b2 0c 6a 00 f0 f5 18 00 ed 8c 80 74 5d c9 b8 87 
fe ff ff ff 58 4c 80 74 a0 0c 6a 00 18 c2 bb 05 
00 fa 64 03 02 3d 33 b4 02 3d 33 b4 0c 27 3a 75 
f2 6a 49 03 00 00 00 00 10 27 00 00 00 fa 64 03 
9e bc 5b 00 9c f7 18 00 dd bd 5b 00 20 74 6f 20 
5b 15 00 00 6d 61 70 70 69 6e 67 73 20 3a 2c 20 
30 2c 20 31 00 39 2c 20 74 6f 20 65 6e 65 74 20 
00 00 00 00 00 00 00 00 00 00 00 00 00 00 00 00 
00 00 00 00 00 00 00 00 00 00 00 00 00 00 00 00 
00 00 00 00 00 00 00 00 00 00 00 00 00 00 00 00 
02 c7 81 74 50 f2 18 00 88 76 5f 03 98 15 3f 00 
2f 2e 80 74 00 f2 18 00 b4 f2 18 00 64 1a 81 74 
0a 00 00 00 91 1a 81 74 00 00 00 00 f8 1b 89 74 
63 20 81 74 00 00 00 00 00 00 00 00 91 1a 81 74 
00 00 00 00 90 f4 18 00 1c f5 18 00 2b 00 00 00 
88 76 5f 03 98 15 3f 00 d0 07 3f 00 01 00 00 00 
00 00 00 00 00 00 00 00 00 00 00 00 86 05 ac 02 
00 00 00 00 00 00 00 00 00 00 00 00 00 00 00 00 
46 00 00 00 f8 1b 89 74 04 f5 18 00 00 00 00 00 
01 00 00 00 00 00 00 00 