58 00 00 00 00 01 06 00 00 00 82 CB 70 01 00 00    
00 00 04 00 1C AF 64 03 A5 B3 C8 05 00 64 00 00    
00 00 18 00 50 48 64 00 5D 48 64 00 00 00 00 00    
00 00 00 00 00 00 00 00 00 00 00 00 00 00 00 00    
00 00 00 00 00 00 00 00 00 00 00 00 00 00 00 00    
00 00 00 00 00 00 00 00 00 00 00 00 00 00 00 00    
00 00 00 00 00 00 00 00 00 00 00 00 00 00 00 00    
00 00 00 00 00 00 00 00 00 00 00 00 00 00 00 00    
00 00 00 00 00 00 00 00 00 00 00 00 00 00 00 00    
00 00 00 00 00 00 00 00 00 00 00 00 00 00 00 00    
00 00 00 00 00 12 00 00 00 FF FF FF FF FF FF FF    
FF 00 00 00 00 00 00 00 00 00 00 00 00 00 00 00    
00 00 00 00 00 00 00 00 00 00 00 00 00 00 00 00    
00 00 00 00 00 00 00 00 00 00 00 00 00 00 00 00    
00 00 00 00 00 00 00 00 00 00 00 00 00 00 00 00    
00 00 00 00 00 00 00 00 00 00 00 00 00 00 00 00    
00 00 00 00 00 00 00 00 00 00 00 00 00 00 00 00    
00 00 00 00 00 00 00 00 00 00 00 00 00 00 00 00    
00 00 00 00 00 00 00 00 00 00 00 00 00 00 00 00    
00 00 00 00 00 00 00 00 00 00 00 00 00 00 00 00    
00 00 00 00 FF FF FF FF FF FF FF FF FF FF FF FF    
00 00 00 00 00 00 00 00 00 00 00 00 00 00 00 00    
00 00 00 00 00 00 00 00 00 00 00 00 00 00 00 00    
00 00 00 00 00 00 00 00 00 00 00 00 00 00 00 00    
00 00 00 00 00 00 00 00 00 00 00 00 00 00 00 00    
00 00 00 00 00 00 00 00 00 00 00 00 00 00 00 00    
00 00 00 00 00 00 00 00 00 00 00 00 00 00 00 00    
00 00 00 00 00 00 00 00 00 00 00 00 00 00 00 00    
00 00 00 00 00 00 00 00 00 00 00 00 00 00 00 00    
00 00 00 00 00 00 00 00 00 00 00 00 00 00 00 00    
00 00 00 FF FF FF FF FF FF FF FF FF FF FF FF 00    
00 00 00 00 00 00 00 00 00 00 00 00 00 00 00 00    
00 00 00 00 00 00 00 00 00 00 00 00 00 00 00 00    
00 00 00 00 00 00 00 00 00 00 00 00 00 00 00 00    
00 00 00 00 00 00 00 00 00 00 00 00 00 00 00 00    
00 00 00 00 F5 F8 5F 77 C5 D0 9B 76 AC 02 00 00    
00 00 00 00 00 00 00 00 00 00 00 00 90 6C 18 00    
40 D5 45 05 00 FA 00 00 00 00 00 00 17 D1 9B 76    
BE F4 E7 3F 24 6D 18 00 AC 02 00 00 00 00 00 00    
00 00 00 00 17 D1 9B 76 00 00 00 00 38 06 00 00    
00 00 FF FF FF FF FF FF FF FF FF FF FF FF 00 00    
00 00 00 00 00 00 00 00 00 00 00 00 00 00 34 75    
AC 02 00 00 40 D5 45 05 00 FA 00 00 24 6D 18 00    
2C 3F 34 75 80 F4 E7 3F 20 48 5B 74 C0 02 00 00    
00 00 00 00 3C 6D 18 00 CC 6C 18 00 68 F5 E7 3F    
70 6D 18 00 0E 41 3E 75 48 A7 CB 4A FE 00 FF FF    
2C 3F 34 75 B6 51 55 74 AC 02 00 00 40 D5 45 05    
00 FA 00 00 24 6D 18 00 00 00 00 00 C0 02 00 00    
20 48 5B 74 00 00 00 00 00 FA 00 00 38 06 00 00    
FE FF FF FF C0 02 00 00 20 48 5B 74 00 00 00 00    
00 FF FF FF FF FF FF FF FF FF FF FF FF 00 00 00    
00 00 00 00 00 00 00 00 00 00 00 00 00 00 00 00    
D8 1C 5B 74 98 00 00 00 0B 00 00 00 38 06 00 00    
18 00 00 00 00 00 00 00 8C 6D 18 00 75 04 57 74    
84 6E 18 00 D8 D5 45 05 18 00 00 00 18 00 00 00    
D8 1C 5B 74 C0 6D 18 00 D4 5B 56 74 00 6E 18 00    
FF FF FF FF D8 D5 45 05 18 00 00 00 00 DC 2E 05    
00 00 00 00 00 DC 2E 05 18 00 00 00 00 00 00 00    
C4 6D 18 00 FF 23 52 74 10 FB 32 05 08 6E 18 00    
A9 E5 52 74 1B 00 00 00 B1 5D 56 74 00 00 00 00    
FF FF FF FF FF FF FF FF FF FF FF FF 00 00 00 00    
00 00 00 00 00 00 00 00 00 00 00 00 18 00 00 00    
D4 EC 18 00 ED 8C 52 74 42 14 A6 4B FE FF FF FF    
71 5D 56 74 CA 5D 56 74 84 6E 18 00 FF FF FF FF    
18 00 00 00 01 00 00 00 00 00 00 00 98 CB 44 05    
00 00 00 00 98 CB 44 05 01 00 00 00 D8 1C 5B 74    
01 00 00 00 95 95 5E 00 18 00 00 00 00 00 00 00    
00 DC 2E 05 18 97 5D 00 00 00 00 00 B8 EC 18 00    
98 CB 44 05 92 9B 5D 00 00 DC 2E 05 F8 EC 18 00    
6C 9C 5D 00 D4 EC 18 01 10 BD 44 00 00 00 00 FF    
FF FF FF FF FF FF FF FF FF FF FF 00 00 00 00 00    
00 00 00 00 00 00 00 00 00 00 00 44 76 2F 8B 43    
11 FA 37 44 AB 3E A7 40 E2 18 40 43 21 E0 72 43    
72 33 64 32 4D 65 73 68 02 00 02 00 6F 72 64 65    
72 53 68 6F 70 30 31 00 00 00 00 00 00 00 00 00    
00 00 00 00 00 00 00 00 00 00 00 00 00 00 00 00    
00 00 00 00 00 00 00 00 00 00 00 00 00 00 00 00    
00 00 00 00 00 00 00 00 00 00 00 00 00 00 00 00    
00 00 00 00 00 00 00 00 00 00 00 00 00 00 00 00    
00 00 00 00 00 00 00 00 00 00 00 00 00 00 FF FF    
FF FF FF FF FF FF FF FF FF FF 00 00 00 00 00 00    
00 00 00 00 00 00 00 00 00 00 00 00 08 00 00 00    
0C 00 00 00 01 00 00 00 00 00 00 00 00 00 00 00    
00 00 00 00 08 00 00 00 0C 00 00 00 01 00 00 00    
64 6F 18 00 64 FA 60 77 22 F4 60 77 40 00 00 00    
00 00 00 00 00 00 00 00 00 00 00 00 00 00 00 00    
00 00 00 00 00 00 00 00 00 00 00 00 00 00 00 00    
00 00 00 00 00 00 00 00 00 00 00 00 00 00 00 00    
00 00 00 00 00 00 00 00 00 00 00 00 A4 72 18 00    
00 00 00 00 BB A7 61 77 38 00 00 00 00 FF FF FF    
FF FF FF FF FF FF FF FF FF 00 00 00 00 00 00 00    
00 00 00 00 00 00 00 00 00 00 00 00 00 00 02 00    
F4 6F 18 00 F4 6F 18 00 F4 6F 18 00 02 00 00 00    
02 00 00 00 00 00 00 00 05 00 00 00 00 00 00 00    
64 FA 60 77 64 FA 60 77 58 71 18 00 E1 F1 60 77    
34 70 18 00 E8 71 18 00 00 73 18 00 4C F2 60 77    
64 00 6F 00 77 00 73 00 00 00 80 00 B4 70 18 00    
53 00 78 00 64 FA 60 77 00 00 00 00 00 00 00 00    
00 00 00 00 00 00 00 00 00 00 00 00 00 00 00 00    
00 00 00 00 18 00 1A 00 00 00 00 00 FF FF FF FF    
FF FF FF FF FF FF FF FF 00 00 00 00 00 00 00 00    
00 00 00 00 00 00 00 00 00 00 00 00 00 00 00 00    
00 00 00 00 00 00 00 00 00 00 00 00 00 00 00 00    
00 00 00 00 00 00 00 00 00 00 20 00 34 71 18 00    
34 71 18 00 34 71 18 00 20 00 00 00 20 00 00 00    
64 00 30 00 38 00 63 00 63 00 30 00 08 00 00 00    
C8 EC BF 02 00 00 BF 02 40 ED BF 02 66 00 63 00    
5C 00 4D 00 53 00 56 00 00 00 00 00 07 00 00 00    
C4 71 18 00 08 00 00 00 00 00 BF 02 C8 EC BF 02    
C4 71 18 00 74 3C 61 00 00 00 00 FF FF FF FF FF    
FF FF FF FF FF FF FF 00 00 00 00 00 00 00 00 00    
00 00 00 00 00 00 00 02 2C 23 BF 02 80 48 6E 77    
38 71 18 00 F9 F9 60 77 B8 E4 BF 02 1C 23 BF 02    
28 3E FF FF F0 71 18 00 A0 01 6E 77 00 00 00 00    
A4 71 18 00 6E FE 60 77 F0 71 18 00 00 00 00 00    
F8 71 18 00 64 FA 00 77 2E 00 00 00 A0 E4 BF 02    
98 71 18 00 D6 FA 60 77 01 00 00 00 AC 73 18 00    
64 FA 60 77 F0 71 18 00 E0 71 18 00 FC 71 18 00    
00 00 00 00 00 00 00 00 00 00 00 00 E8 71 18 00    
AC 73 18 00 64 FA 00 00 00 00 FF FF FF FF 56 65    
72 73 69 6F 6E 20 31 2E 30 2E 30 2E 31 33 36 20    
5B 50 55 42 4C 49 43 5D 00 01 6E 77 92 E1 60 77    
58 00 61 77 06 04 C0 39 01 00 00 00 F7 FC 60 77    
00 00 00 00 34 00 00 00 40 00 00 00 74 73 18 00    
00 00 00 00 00 00 00 00 00 00 00 00 00 00 00 00    
01 00 00 00 A0 01 6E 77 18 00 1A 00 A0 E4 BF 02    
F0 22 BF 02 F0 71 18 00 85 48 61 01 00 00 6E 77    
00 00 00 00 D0 EC BF 02 00 00 00 00 17 02 00 00    
00 00 00 00 44 72 00 01 00 00 00 00 B8 0C 00 00    
3C 72 01 01 AE 48 E4 3F 2C 76 18 00 50 48 64 00    
5D 48 64 00 50 72 18 00 54 2C 61 77 EC EC BF 02    
00 00 00 00 00 00 00 00 64 72 18 00 59 92 9C 76    
EC EC BF 02 00 00 00 00 C4 75 18 00 50 75 18 00    
69 9A 9C 76 70 00 00 00 00 00 00 00 00 00 00 00    
00 00 00 00 00 00 00 00 A4 9A 9C 76 18 00 00 00    
00 00 00 00 D8 72 18 00 40 00 00 00 00 00 43 4C    
41 53 53 49 43 00 00 00 00 00 00 00 00 00 00 00    
00 00 00 00 00 00 00 00 00 00 00 00 00 00 00 00    
00 00 00 00 00 00 00 00 00 00 00 00 00 00 00 00    
00 00 00 00 00 00 00 00 00 00 00 00 00 00 00 00    
00 00 00 00 00 00 00 00 00 00 00 00 00 00 00 00    
00 00 00 00 00 00 00 00 00 00 00 00 00 00 00 00    
00 00 00 00 00 00 00 00 00 00 00 00 00 00 00 00    
00 00 00 00 00 00 00 00 00 00 00 00 00 00 00 00    
00 00 00 00 00 00 00 00 00 00 00 00 00 00 00 00    
00 00 00 00 00 00 00 00 00 00 00 00 00 00 00 00    
00 00 00 00 00 00 00 00 00 00 00 00 00 00 00 00    
00 00 00 00 00 00 00 00 00 00 00 00 00 00 00 00    
00 00 00 00 00 00 00 00 00 00 00 00 00 00 00 00    
00 00 00 00 00 00 00 00 00 00 00 00 00 00 00 00    
00 00 00 00 00 00 00 00 00 00 00 00 00 00 00 00    
00 00 00 00 00 00 00 00 00 00 00 00 00 00 00 00    
00 00 00 00 00 00 00 00 00 00 00 00 00 00 00 00    
00 00 00 00 00 00 00 00 00 00 00 00 00 00 00 00    
00 00 00 00 00 00 00 00 00 00 00 00 00 00 00 00    
00 00 00 00 00 00 00 00 00 00 00 00 00 00 00 00    
00 00 00 00 00 00 00 00 00 00 00 00 00 00 00 00    
00 00 00 00 00 00 00 00 00 00 00 00 00 00 00 00    
00 00 00 00 00 00 00 00 00 00 00 00 00 00 00 00    
00 00 00 00 00 00 00 00 00 00 00 00 00 00 00 00    
00 00 00 00 00 00 00 00 00 00 00 00 00 00 00 00    
00 00 00 00 00 00 00 00 00 00 00 00 00 00 00 00    
00 00 00 00 00 00 00 00 00 00 00 00 00 00 00 00    
00 00 00 00 00 00 00 00 00 00 00 00 00 00 00 00    
00 00 00 00 00 00 00 00 00 00 00 00 00 00 00 00    
00 00 00 00 00 00 00 00 00 00 00 00 00 00 00 00    
00 00 00 00 00 00 00 00 00 00 00 00 00 00 00 00    
00 00 00 00 00 00 00 00 00 00 00 00 00 00 00 00    
00 00 00 00 00 00 00 00 00 00 00 00 00 00 00 00    
00 00 00 00 00 00 00 00 00 00 00 00 00 00 00 00    
00 00 00 00 00 00 00 00 00 00 00 00 00 00 00 00    
00 00 00 00 00 00 00 00 00 00 00 00 00 00 00 00    
00 00 00 00 00 00 00 00 00 00 00 00 00 00 00 00    
00 00 00 00 00 00 00 00 00 00 00 00 00 00 00 00    
00 00 00 00 00 00 00 00 00 00 00 00 00 00 00 00    
00 00 00 00 00 00 00 00 00 00 00 00 00 00 00 00    
00 00 00 00 00 00 00 00 00 00 00 00 00 00 00 00    
00 00 00 00 00 00 00 00 00 00 00 00 00 00 00 00    
00 00 00 00 00 00 00 00 00 00 00 00 00 00 00 00    
00 00 00 00 00 00 00 00 00 00 00 00 00 00 00 00    
00 00 00 00 00 00 00 00 00 00 00 00 00 00 00 00    
00 00 00 00 00 00 00 00 00 00 00 00 00 00 00 00    
00 00 00 00 00 00 00 00 00 00 00 00 00 00 00 00    
00 00 00 00 00 00 00 00 00 00 00 00 00 00 00 00    
00 00 00 00 00 00 00 00 00 00 00 00 00 00 00 00    
00 00 00 00 00 00 00 00 00 00 00 00 00 00 00 00    
00 00 00 00 00 00 00 00 00 00 00 00 00 00 00 00    
00 00 00 00 00 00 00 00 00 00 00 00 00 00 00 00    
00 00 00 00 00 00 00 00 00 00 00 00 00 00 00 00    
00 00 00 00 00 00 00 00 00 00 00 00 00 00 00 00    
00 00 00 00 00 00 00 00 00 00 00 00 00 00 00 00    
00 00 00 00 00 00 00 00 00 00 00 00 00 00 00 00    
00 00 00 00 00 00 00 00 00 00 00 00 00 00 00 00    
00 00 00 00 00 00 00 00 00 00 00 00 00 00 00 00    
00 00 00 00 00 00 00 00 00 00 00 00 00 00 00 00    
00 00 00 00 00 00 00 00 00 00 00 00 00 00 00 00    
00 00 00 00 00 00 00 00 00 00 00 00 00 00 00 00    
00 00 00 00 00 00 00 00 00 00 00 00 00 00 00 00    
00 00 00 00 00 00 00 00 00 00 00 00 00 00 00 00    
00 00 00 00 00 00 00 00 00 00 00 00 00 00 00 00    
00 00 00 00 00 00 00 00 00 00 00 00 00 00 00 00    
00 00 00 00 00 00 00 00 00 00 00 00 00 00 00 00    
00 00 00 00 00 00 00 00 00 00 00 00 00 00 00 00    
00 00 00 00 00 00 00 00 00 00 00 00 00 00 00 00    
00 00 00 00 00 00 00 00 00 00 00 00 00 00 00 00    
00 00 00 00 00 00 00 00 00 00 00 00 00 00 00 00    
00 00 00 00 00 00 00 00 00 00 00 00 00 00 00 00    
00 00 00 00 00 00 00 00 00 00 00 00 00 00 00 00    
00 00 00 00 00 00 00 00 00 00 00 00 00 00 00 00    
00 00 00 00 00 00 00 00 00 00 00 00 00 00 00 00    
00 00 00 00 00 00 00 00 00 00 00 00 00 00 00 00    
00 00 00 00 00 00 00 00 00 00 00 00 00 00 00 00    
00 00 00 00 00 00 00 00 00 00 00 00 00 00 00 00    
00 00 00 00 00 00 00 00 00 00 00 00 00 00 00 00    
00 00 00 00 00 00 00 00 00 00 00 00 00 00 00 00    
00 00 00 00 00 00 00 00 00 00 00 00 00 00 00 00    
00 00 00 00 00 00 00 00 00 00 00 00 00 00 00 00    
00 00 00 00 00 00 00 00 00 00 00 00 00 00 00 00    
00 00 00 00 00 00 00 00 00 00 00 00 00 00 00 00    
00 00 00 00 00 00 00 00 00 00 00 00 00 00 00 00    
00 00 00 00 00 00 00 00 00 00 00 00 00 00 00 00    
00 00 00 00 00 00 00 00 00 00 00 00 00 00 00 00    
00 00 00 00 00 00 00 00 00 00 00 00 00 00 00 00    
00 00 00 00 00 00 00 00 00 00 00 00 00 00 00 00    
00 00 00 00 00 00 00 00 00 00 00 00 00 00 00 00    
00 00 00 00 00 00 00 00 00 00 00 00 00 00 00 00    
00 00 00 00 00 00 00 00 00 00 00 00 00 00 00 00    
00 00 00 00 00 00 00 00 00 00 00 00 00 00 00 00    
00 00 00 00 00 00 00 00 00 00 00 00 00 00 00 00    
00 00 00 00 00 00 00 00 00 00 00 00 00 00 00 00    
00 00 00 00 00 00 00 00 00 00 00 00 00 00 00 00    
00 00 00 00 00 00 00 00 00 00 00 00 00 00 00 00    
00 00 00 00 00 00 00 00 00 00 00 00 00 00 00 00    
00 00 00 00 00 00 00 00 00 00 00 00 00 00 00 00    
00 00 00 00 00 00 00 00 00 00 00 00 00 00 00 00    
00 00 00 00 00 00 00 00 00 00 00 00 00 00 00 00    
00 00 00 00 00 00 00 00 00 00 00 00 00 00 00 00    
00 00 00 00 00 00 00 00 00 00 00 00 00 00 00 00    
00 00 00 00 00 00 00 00 00 00 00 00 00 00 00 00    
00 00 00 00 00 00 00 00 00 00 00 00 00 00 00 00    
00 00 00 00 00 00 00 00 00 00 00 00 00 00 00 00    
00 00 00 00 00 00 00 00 00 00 00 00 00 00 00 00    
00 00 00 00 00 00 00 00 00 00 00 00 00 00 00 00    
00 00 00 00 00 00 00 00 00 00 00 00 00 00 00 00    
00 00 00 00 00 00 00 00 00 00 00 00 00 00 00 00    
00 00 00 00 00 00 00 00 00 00 00 00 00 00 00 00    
00 00 00 00 00 00 00 00 00 00 00 00 00 00 00 00    
00 00 00 00 00 00 00 00 00 00 00 00 00 00 00 00    
00 00 00 00 00 00 00 00 00 00 00 00 00 00 00 00    
00 00 00 00 00 00 00 00 00 00 00 00 00 00 00 00    
00 00 00 00 00 00 00 00 00 00 00 00 00 00 00 00    
00 00 00 00 00 00 00 00 00 00 00 00 00 00 00 00    
00 00 00 00 00 00 00 00 00 00 00 00 00 00 00 00    
00 00 00 00 00 00 00 00 00 00 00 00 00 00 00 00    
00 00 00 00 00 00 00 00 00 00 00 00 00 00 00 00    
00 00 00 00 00 00 00 00 00 00 00 00 00 00 00 00    
00 00 00 00 00 00 00 00 00 00 00 00 00 00 00 00    
00 00 00 00 00 00 00 00 00 00 00 00 00 00 00 00    
00 00 00 00 00 00 00 00 00 00 00 00 00 00 00 00    
00 00 00 00 00 00 00 00 00 00 00 00 00 00 00 00    
00 00 00 00 00 00 00 00 00 00 00 00 00 00 00 00    
00 00 00 00 00 00 00 00 00 00 00 00 00 00 00 00    
00 00 00 00 00 00 00 00 00 00 00 00 00 00 00 00    
00 00 00 00 00 00 00 00 00 00 00 00 00 00 00 00    
00 00 00 00 00 00 00 00 00 00 00 00 00 00 00 00    
00 00 00 00 00 00 00 00 00 00 00 00 00 00 00 00    
00 00 00 00 00 00 00 00 00 00 00 00 00 00 00 00    
00 00 00 00 00 00 00 00 00 00 00 00 00 00 00 00    
00 00 00 00 00 00 00 00 00 00 00 00 00 00 00 00    
00 00 00 00 00 00 00 00 00 00 00 00 00 00 00 00    
00 00 00 00 00 00 00 00 00 00 00 00 00 00 00 00    
00 00 00 00 00 00 00 00 00 00 00 00 00 00 00 00    
00 00 00 00 00 00 00 00 00 00 00 00 00 00 00 00    
00 00 00 00 00 00 00 00 00 00 00 00 00 00 00 00    
00 00 00 00 00 00 00 00 00 00 00 00 00 00 00 00    
00 00 00 00 00 00 00 00 00 00 00 00 00 00 E0 E2    
A0    
