58 00 00 00 00 01 03 00 00 00 82 CB 70 01 00 00    
00 00 04 00 1C AF 64 03 A5 B3 C8 05 00 64 00 00    
00 00 18 00 80 6A 18 00 68 6A 18 00 48 6B 18 00    
00 00 00 00 00 00 00 00 00 00 00 00 00 00 00 00    
6C 6A 18 00 1C 6B 18 00 F4 6A 18 00 9D D4 5F 74    
52 6B 18 00 58 76 61 03 88 15 0F 03 28 6B 18 00    
00 00 5E 74 00 00 00 00 95 21 8E 75 71 1B 0D E0    
72 E6 0C 40 DC 68 E5 22 AC 6A 18 00 9E 94 5F 74    
B4 6A 18 00 48 6B 18 00 D4 6A 18 00 D4 6A 18 00    
D4 6A 18 00 40 6B 18 00 73 B9 62 74 E0 72 66 46    
2C 00 00 00 00 12 00 00 00 FF FF FF FF FF FF FF    
FF 01 00 94 20 4D 06 95 86 5E 06 01 64 00 00 00    
4E 75 6E 75 00 00 00 00 00 00 00 00 00 00 00 00    
00 00 00 00 00 00 00 00 00 00 00 00 00 00 00 00    
00 00 00 00 00 00 00 00 00 00 00 00 00 00 00 00    
00 00 00 00 00 00 00 00 00 00 00 00 00 00 00 00    
4E 75 6E 75 00 00 00 00 00 00 00 00 00 00 00 00    
00 00 00 00 00 00 00 00 00 00 00 00 00 00 00 00    
00 00 00 00 00 00 00 00 00 00 00 00 00 00 00 00    
00 00 00 00 00 00 00 00 00 00 00 00 00 00 00 00    
00 00 00 00 FF FF FF FF FF FF FF FF FF FF FF FF    
01 00 94 20 4D 06 95 86 5E 06 01 C8 00 00 00 4D    
61 73 74 65 72 59 69 00 00 00 00 00 00 00 00 00    
00 00 00 00 00 00 00 00 00 00 00 00 00 00 00 00    
00 00 00 00 00 00 00 00 00 00 00 00 00 00 00 00    
00 00 00 00 00 00 00 00 00 00 00 00 00 00 00 4D    
61 73 74 65 72 59 69 00 00 00 00 00 00 00 00 00    
00 00 00 00 00 00 00 00 00 00 00 00 00 00 00 00    
00 00 00 00 00 00 00 00 00 00 00 00 00 00 00 00    
00 00 00 00 00 00 00 00 00 00 00 00 00 00 00 00    
00 00 00 FF FF FF FF FF FF FF FF FF FF FF FF 00    
00 00 00 00 00 00 00 00 00 00 00 00 00 00 00 00    
00 00 00 00 0B 00 97 01 4E 00 00 00 FE FF FF FF    
78 00 B1 00 8D 01 00 00 00 00 00 00 0C 00 8E 01    
30 03 F8 02 3C 0C 0F 03 30 00 00 00 30 03 F8 02    
00 00 00 00 F5 F8 65 77 48 D3 FE 74 54 01 00 00    
00 00 00 00 00 00 00 00 00 00 00 00 F5 F8 65 77    
48 D3 FE 74 54 01 00 00 00 00 00 00 00 00 00 00    
00 00 00 00 A8 6C 18 00 A0 61 4D 04 00 FA 00 00    
00 00 00 00 9A D3 FE 74 4B 95 E2 22 3C 6D 00 00    
00 00 FF FF FF FF FF FF FF FF FF FF FF FF 00 00    
00 00 00 00 00 00 00 00 00 00 00 00 00 00 9D 76    
00 6D 18 00 90 65 01 75 3B 84 FB 57 FE FF FF FF    
9A D3 FE 74 F7 3E 9D 76 54 01 00 00 A0 61 4D 04    
00 FA 00 00 3C 6D 18 00 FC 3E 9D 76 E6 94 E2 22    
20 48 67 74 C0 02 00 00 00 00 00 00 FE 00 FF FF    
E4 6C 18 00 B6 51 61 74 88 6D 18 00 E5 40 A7 76    
F6 C6 67 54 FE FF FF FF FC 3E 9D 76 B6 51 61 74    
54 01 00 00 A0 61 4D 04 00 FA 00 00 3C 6D 18 00    
00 00 00 00 C0 02 00 00 20 48 67 74 00 00 00 00    
00 FF FF FF FF FF FF FF FF FF FF FF FF 00 00 00    
00 00 00 00 00 00 00 00 00 00 00 00 00 EC 5F 74    
BC 0C 0F 03 71 56 61 74 0B 00 00 00 68 56 61 74    
D4 6F E5 22 00 00 00 00 D8 1C 67 74 98 00 00 00    
84 6E 18 00 C6 01 00 00 18 00 00 00 00 00 00 00    
A4 6D 18 00 75 04 63 74 9C 6E 18 00 00 62 4D 04    
18 00 00 00 18 00 00 00 D8 1C 67 74 D8 6D 18 00    
D4 5B 62 74 9C 6E 18 00 FF FF FF FF 38 62 4D 04    
18 00 00 00 00 A5 3F 04 00 00 00 00 00 A5 3F 04    
18 00 00 00 00 00 00 00 DC 6D 18 00 00 00 00 00    
FF FF FF FF FF FF FF FF FF FF FF FF 00 00 00 00    
00 00 00 00 00 00 00 00 00 00 00 00 6C 6C E5 22    
00 A5 3F 04 00 A5 3F 04 18 00 00 00 01 00 00 00    
F4 6D 18 00 18 00 00 00 F0 EC 18 00 ED 8C 5E 74    
8C 5F 9B 56 FE FF FF FF 71 5D 62 74 CA 5D 62 74    
9C 6E 18 00 FF FF FF FF 18 00 00 00 01 00 00 00    
00 00 00 00 E8 95 4C 04 00 00 00 00 E8 95 4C 04    
01 00 00 00 D8 1C 67 74 01 00 00 00 95 95 5E 00    
18 00 00 00 00 00 00 00 00 A5 3F 04 18 97 5D 00    
00 00 00 00 D4 EC 18 00 E8 95 4C 00 00 00 00 FF    
FF FF FF FF FF FF FF FF FF FF FF 00 00 00 00 00    
00 00 00 00 00 00 00 00 00 00 00 44 00 A5 3F 04    
C0 54 C6 43 8E 3E B7 45 EB 73 5E 41 95 9D B6 45    
80 D1 BC 42 00 00 00 00 80 D1 BC 42 43 68 61 6F    
73 53 68 6F 70 30 31 00 72 33 64 32 4D 65 73 68    
02 00 02 00 54 75 72 72 65 74 00 54 31 5F 43 5F    
30 38 00 00 00 00 00 00 00 00 00 00 00 00 00 00    
00 00 00 00 00 00 00 00 00 00 00 00 00 00 00 00    
00 00 00 00 00 00 00 00 00 00 00 00 00 00 00 00    
00 00 00 00 00 00 00 00 00 00 00 00 00 00 FF FF    
FF FF FF FF FF FF FF FF FF FF 00 00 00 00 00 00    
00 00 00 00 00 00 00 00 00 00 00 00 00 00 00 00    
00 00 00 00 00 00 00 00 00 00 00 00 00 00 00 00    
00 00 00 00 04 00 00 00 02 00 00 00 01 00 00 00    
64 6F 18 00 64 FA 66 77 22 F4 66 77 40 00 00 00    
00 00 00 00 00 00 00 00 00 00 00 00 00 00 00 00    
00 00 00 00 00 00 00 00 00 00 00 00 00 00 00 00    
00 00 00 00 00 00 00 00 00 00 00 00 00 00 00 00    
00 00 00 00 00 00 00 00 00 00 00 00 A4 72 18 00    
00 00 00 00 BB A7 67 77 F8 00 00 00 00 FF FF FF    
FF FF FF FF FF FF FF FF FF 00 00 00 00 00 00 00    
00 00 00 00 00 00 00 00 00 00 00 00 00 00 02 00    
F4 6F 18 00 F4 6F 18 00 F4 6F 18 00 02 00 00 00    
02 00 00 00 00 00 00 00 05 00 00 00 00 00 00 00    
64 FA 66 77 64 FA 66 77 58 71 18 00 E1 F1 66 77    
34 70 18 00 E8 71 18 00 00 73 18 00 4C F2 66 77    
64 00 6F 00 77 00 73 00 00 00 80 00 B4 70 18 00    
53 00 78 00 64 FA 66 77 00 00 00 00 00 00 00 00    
00 00 00 00 00 00 00 00 00 00 00 00 00 00 00 00    
00 00 00 00 18 00 1A 00 00 00 00 00 FF FF FF FF    
FF FF FF FF FF FF FF FF 00 00 00 00 00 00 00 00    
00 00 00 00 00 00 00 00 00 00 00 00 00 00 00 00    
00 00 00 00 00 00 00 00 00 00 00 00 00 00 00 00    
00 00 00 00 00 00 00 00 00 00 20 00 34 71 18 00    
34 71 18 00 34 71 18 00 20 00 00 00 20 00 00 00    
64 00 30 00 38 00 63 00 63 00 30 00 08 00 00 00    
A8 EC D2 02 00 00 D2 02 00 ED D2 02 66 00 63 00    
5C 00 4D 00 53 00 56 00 00 00 00 00 03 00 00 00    
C4 71 18 00 08 00 00 00 00 00 D2 02 A8 EC D2 02    
C4 71 18 00 74 3C 67 00 00 00 00 FF FF FF FF FF    
FF FF FF FF FF FF FF 00 00 00 00 00 00 00 00 00    
00 00 00 00 00 00 00 02 FC 22 D2 02 80 48 74 77    
38 71 18 00 F9 F9 66 77 70 E4 D2 02 EC 22 D2 02    
40 3E FF FF F0 71 18 00 A0 01 74 77 00 00 00 00    
A4 71 18 00 6E FE 66 77 F0 71 18 00 00 00 00 00    
F8 71 18 00 64 FA 00 77 2E 00 00 00 58 E4 D2 02    
98 71 18 00 D6 FA 66 77 01 00 00 00 AC 73 18 00    
64 FA 66 77 F0 71 18 00 E0 71 18 00 FC 71 18 00    
00 00 00 00 00 00 00 00 00 00 00 00 E8 71 18 00    
AC 73 18 00 64 FA 00 00 00 00 FF FF FF FF 56 65    
72 73 69 6F 6E 20 31 2E 30 2E 30 2E 31 33 36 20    
5B 50 55 42 4C 49 43 5D 00 01 74 77 92 E1 66 77    
58 00 67 77 C8 FA 6C 51 01 00 00 00 F7 FC 66 77    
00 00 00 00 34 00 00 00 40 00 00 00 74 73 18 00    
00 00 00 00 00 00 00 00 00 00 00 00 00 00 00 00    
01 00 00 00 A0 01 74 77 18 00 1A 00 58 E4 D2 02    
C0 22 D2 02 F0 71 18 00 85 48 67 01 00 00 74 77    
00 00 00 00 B0 EC D2 02 00 00 00 00 1F 02 00 00    
00 00 00 00 44 72 00 01 00 00 00 00 F8 0C 00 00    
3C 72 01 01 F7 9E E5 22 2C 76 18 00 50 48 64 00    
5D 48 64 00 50 72 18 00 54 2C 67 77 CC EC D2 02    
00 00 00 00 00 00 00 00 64 72 18 00 C3 97 FF 74    
CC EC D2 02 00 00 00 00 C4 75 18 00 50 75 18 00    
D3 9F FF 74 70 00 00 00 00 00 00 00 00 00 00 00    
00 00 00 00 00 00 00 00 0E A0 FF 74 18 00 00 00    
00 00 00 00 D8 72 18 00 40 00 00 00 00 00 43 4C    
41 53 53 49 43 00 00 00 00 00 00 00 00 00 00 00    
00 00 00 00 00 00 00 00 00 00 00 00 00 00 00 00    
00 00 00 00 00 00 00 00 00 00 00 00 00 00 00 00    
00 00 00 00 00 00 00 00 00 00 00 00 00 00 00 00    
00 00 00 00 00 00 00 00 00 00 00 00 00 00 00 00    
00 00 00 00 00 00 00 00 00 00 00 00 00 00 00 00    
00 00 00 00 00 00 00 00 00 00 00 00 00 00 00 00    
00 00 00 00 00 00 00 00 00 00 00 00 00 00 00 00    
00 00 00 00 00 00 00 00 00 00 00 00 00 00 00 00    
00 00 00 00 00 00 00 00 00 00 00 00 00 00 00 00    
00 00 00 00 00 00 00 00 00 00 00 00 00 00 00 00    
00 00 00 00 00 00 00 00 00 00 00 00 00 00 00 00    
00 00 00 00 00 00 00 00 00 00 00 00 00 00 00 00    
00 00 00 00 00 00 00 00 00 00 00 00 00 00 00 00    
00 00 00 00 00 00 00 00 00 00 00 00 00 00 00 00    
00 00 00 00 00 00 00 00 00 00 00 00 00 00 00 00    
00 00 00 00 00 00 00 00 00 00 00 00 00 00 00 00    
00 00 00 00 00 00 00 00 00 00 00 00 00 00 00 00    
00 00 00 00 00 00 00 00 00 00 00 00 00 00 00 00    
00 00 00 00 00 00 00 00 00 00 00 00 00 00 00 00    
00 00 00 00 00 00 00 00 00 00 00 00 00 00 00 00    
00 00 00 00 00 00 00 00 00 00 00 00 00 00 00 00    
00 00 00 00 00 00 00 00 00 00 00 00 00 00 00 00    
00 00 00 00 00 00 00 00 00 00 00 00 00 00 00 00    
00 00 00 00 00 00 00 00 00 00 00 00 00 00 00 00    
00 00 00 00 00 00 00 00 00 00 00 00 00 00 00 00    
00 00 00 00 00 00 00 00 00 00 00 00 00 00 00 00    
00 00 00 00 00 00 00 00 00 00 00 00 00 00 00 00    
00 00 00 00 00 00 00 00 00 00 00 00 00 00 00 00    
00 00 00 00 00 00 00 00 00 00 00 00 00 00 00 00    
00 00 00 00 00 00 00 00 00 00 00 00 00 00 00 00    
00 00 00 00 00 00 00 00 00 00 00 00 00 00 00 00    
00 00 00 00 00 00 00 00 00 00 00 00 00 00 00 00    
00 00 00 00 00 00 00 00 00 00 00 00 00 00 00 00    
00 00 00 00 00 00 00 00 00 00 00 00 00 00 00 00    
00 00 00 00 00 00 00 00 00 00 00 00 00 00 00 00    
00 00 00 00 00 00 00 00 00 00 00 00 00 00 00 00    
00 00 00 00 00 00 00 00 00 00 00 00 00 00 00 00    
00 00 00 00 00 00 00 00 00 00 00 00 00 00 00 00    
00 00 00 00 00 00 00 00 00 00 00 00 00 00 00 00    
00 00 00 00 00 00 00 00 00 00 00 00 00 00 00 00    
00 00 00 00 00 00 00 00 00 00 00 00 00 00 00 00    
00 00 00 00 00 00 00 00 00 00 00 00 00 00 00 00    
00 00 00 00 00 00 00 00 00 00 00 00 00 00 00 00    
00 00 00 00 00 00 00 00 00 00 00 00 00 00 00 00    
00 00 00 00 00 00 00 00 00 00 00 00 00 00 00 00    
00 00 00 00 00 00 00 00 00 00 00 00 00 00 00 00    
00 00 00 00 00 00 00 00 00 00 00 00 00 00 00 00    
00 00 00 00 00 00 00 00 00 00 00 00 00 00 00 00    
00 00 00 00 00 00 00 00 00 00 00 00 00 00 00 00    
00 00 00 00 00 00 00 00 00 00 00 00 00 00 00 00    
00 00 00 00 00 00 00 00 00 00 00 00 00 00 00 00    
00 00 00 00 00 00 00 00 00 00 00 00 00 00 00 00    
00 00 00 00 00 00 00 00 00 00 00 00 00 00 00 00    
00 00 00 00 00 00 00 00 00 00 00 00 00 00 00 00    
00 00 00 00 00 00 00 00 00 00 00 00 00 00 00 00    
00 00 00 00 00 00 00 00 00 00 00 00 00 00 00 00    
00 00 00 00 00 00 00 00 00 00 00 00 00 00 00 00    
00 00 00 00 00 00 00 00 00 00 00 00 00 00 00 00    
00 00 00 00 00 00 00 00 00 00 00 00 00 00 00 00    
00 00 00 00 00 00 00 00 00 00 00 00 00 00 00 00    
00 00 00 00 00 00 00 00 00 00 00 00 00 00 00 00    
00 00 00 00 00 00 00 00 00 00 00 00 00 00 00 00    
00 00 00 00 00 00 00 00 00 00 00 00 00 00 00 00    
00 00 00 00 00 00 00 00 00 00 00 00 00 00 00 00    
00 00 00 00 00 00 00 00 00 00 00 00 00 00 00 00    
00 00 00 00 00 00 00 00 00 00 00 00 00 00 00 00    
00 00 00 00 00 00 00 00 00 00 00 00 00 00 00 00    
00 00 00 00 00 00 00 00 00 00 00 00 00 00 00 00    
00 00 00 00 00 00 00 00 00 00 00 00 00 00 00 00    
00 00 00 00 00 00 00 00 00 00 00 00 00 00 00 00    
00 00 00 00 00 00 00 00 00 00 00 00 00 00 00 00    
00 00 00 00 00 00 00 00 00 00 00 00 00 00 00 00    
00 00 00 00 00 00 00 00 00 00 00 00 00 00 00 00    
00 00 00 00 00 00 00 00 00 00 00 00 00 00 00 00    
00 00 00 00 00 00 00 00 00 00 00 00 00 00 00 00    
00 00 00 00 00 00 00 00 00 00 00 00 00 00 00 00    
00 00 00 00 00 00 00 00 00 00 00 00 00 00 00 00    
00 00 00 00 00 00 00 00 00 00 00 00 00 00 00 00    
00 00 00 00 00 00 00 00 00 00 00 00 00 00 00 00    
00 00 00 00 00 00 00 00 00 00 00 00 00 00 00 00    
00 00 00 00 00 00 00 00 00 00 00 00 00 00 00 00    
00 00 00 00 00 00 00 00 00 00 00 00 00 00 00 00    
00 00 00 00 00 00 00 00 00 00 00 00 00 00 00 00    
00 00 00 00 00 00 00 00 00 00 00 00 00 00 00 00    
00 00 00 00 00 00 00 00 00 00 00 00 00 00 00 00    
00 00 00 00 00 00 00 00 00 00 00 00 00 00 00 00    
00 00 00 00 00 00 00 00 00 00 00 00 00 00 00 00    
00 00 00 00 00 00 00 00 00 00 00 00 00 00 00 00    
00 00 00 00 00 00 00 00 00 00 00 00 00 00 00 00    
00 00 00 00 00 00 00 00 00 00 00 00 00 00 00 00    
00 00 00 00 00 00 00 00 00 00 00 00 00 00 00 00    
00 00 00 00 00 00 00 00 00 00 00 00 00 00 00 00    
00 00 00 00 00 00 00 00 00 00 00 00 00 00 00 00    
00 00 00 00 00 00 00 00 00 00 00 00 00 00 00 00    
00 00 00 00 00 00 00 00 00 00 00 00 00 00 00 00    
00 00 00 00 00 00 00 00 00 00 00 00 00 00 00 00    
00 00 00 00 00 00 00 00 00 00 00 00 00 00 00 00    
00 00 00 00 00 00 00 00 00 00 00 00 00 00 00 00    
00 00 00 00 00 00 00 00 00 00 00 00 00 00 00 00    
00 00 00 00 00 00 00 00 00 00 00 00 00 00 00 00    
00 00 00 00 00 00 00 00 00 00 00 00 00 00 00 00    
00 00 00 00 00 00 00 00 00 00 00 00 00 00 00 00    
00 00 00 00 00 00 00 00 00 00 00 00 00 00 00 00    
00 00 00 00 00 00 00 00 00 00 00 00 00 00 00 00    
00 00 00 00 00 00 00 00 00 00 00 00 00 00 00 00    
00 00 00 00 00 00 00 00 00 00 00 00 00 00 00 00    
00 00 00 00 00 00 00 00 00 00 00 00 00 00 00 00    
00 00 00 00 00 00 00 00 00 00 00 00 00 00 00 00    
00 00 00 00 00 00 00 00 00 00 00 00 00 00 00 00    
00 00 00 00 00 00 00 00 00 00 00 00 00 00 00 00    
00 00 00 00 00 00 00 00 00 00 00 00 00 00 00 00    
00 00 00 00 00 00 00 00 00 00 00 00 00 00 00 00    
00 00 00 00 00 00 00 00 00 00 00 00 00 00 00 00    
00 00 00 00 00 00 00 00 00 00 00 00 00 00 00 00    
00 00 00 00 00 00 00 00 00 00 00 00 00 00 00 00    
00 00 00 00 00 00 00 00 00 00 00 00 00 00 00 00    
00 00 00 00 00 00 00 00 00 00 00 00 00 00 00 00    
00 00 00 00 00 00 00 00 00 00 00 00 00 00 00 00    
00 00 00 00 00 00 00 00 00 00 00 00 00 00 00 00    
00 00 00 00 00 00 00 00 00 00 00 00 00 00 00 00    
00 00 00 00 00 00 00 00 00 00 00 00 00 00 00 00    
00 00 00 00 00 00 00 00 00 00 00 00 00 00 00 00    
00 00 00 00 00 00 00 00 00 00 00 00 00 00 00 00    
00 00 00 00 00 00 00 00 00 00 00 00 00 00 00 00    
00 00 00 00 00 00 00 00 00 00 00 00 00 00 00 00    
00 00 00 00 00 00 00 00 00 00 00 00 00 00 00 00    
00 00 00 00 00 00 00 00 00 00 00 00 00 00 00 00    
00 00 00 00 00 00 00 00 00 00 00 00 00 00 00 00    
00 00 00 00 00 00 00 00 00 00 00 00 00 00 00 00    
00 00 00 00 00 00 00 00 00 00 00 00 00 00 00 00    
00 00 00 00 00 00 00 00 00 00 00 00 00 00 00 00    
00 00 00 00 00 00 00 00 00 00 00 00 00 00 00 00    
00 00 00 00 00 00 00 00 00 00 00 00 00 00 00 00    
00 00 00 00 00 00 00 00 00 00 00 00 00 00 00 00    
00 00 00 00 00 00 00 00 00 00 00 00 00 00 00 00    
00 00 00 00 00 00 00 00 00 00 00 00 00 00 00 00    
00 00 00 00 00 00 00 00 00 00 00 00 00 00 00 00    
00 00 00 00 00 00 00 00 00 00 00 00 00 00 00 00    
00 00 00 00 00 00 00 00 00 00 00 00 00 00 E0 E2    
5E    
